	F_Day_0_Control_C	O_Day_0_Control_C	F_Day_7_Control_C	O_Day_7_Control_C	O_Day_3_Control_C	F_Day_3_Control_C
ASV_100	9	0	7	0	0	111
ASV_10000	0	0	0	0	51	0
ASV_10018	0	0	0	104	0	0
ASV_10032	0	0	0	290	0	0
ASV_10034	0	14	0	244	0	0
ASV_10041	0	0	0	260	0	0
ASV_10065	0	111	0	0	0	0
ASV_10073	0	0	0	278	0	0
ASV_10074	0	0	0	260	0	0
ASV_10086	0	0	0	247	0	0
ASV_10139	2	0	4	0	0	10
ASV_10146	0	0	0	199	0	0
ASV_10180	0	0	0	0	56	0
ASV_10204	0	0	0	0	0	1
ASV_10216	0	0	0	178	0	0
ASV_10227	0	0	0	165	0	0
ASV_10258	0	0	0	156	0	0
ASV_1026	0	0	36	0	0	108
ASV_10265	0	48	0	0	116	0
ASV_10292	0	64	0	0	0	0
ASV_10298	0	0	0	0	156	0
ASV_10301	0	0	0	145	0	0
ASV_10318	0	4	0	102	0	0
ASV_10340	0	23	0	0	0	0
ASV_10360	0	0	0	136	0	0
ASV_10399	0	0	0	0	2	0
ASV_104	199	0	266	0	0	2798
ASV_10405	0	0	0	35	23	0
ASV_10411	0	0	0	127	0	0
ASV_10430	0	0	0	0	92	0
ASV_10432	0	0	0	104	0	0
ASV_10433	0	0	1	0	0	1
ASV_10445	0	0	0	13	0	0
ASV_10462	0	0	0	0	115	0
ASV_10472	0	23	0	0	4	0
ASV_10475	0	0	0	0	103	0
ASV_10499	0	0	0	80	0	0
ASV_1051	5	0	0	0	0	0
ASV_1052	0	66	0	0	20	0
ASV_10541	0	65	0	0	0	0
ASV_10550	0	82	0	0	0	0
ASV_10551	0	0	0	82	0	0
ASV_10556	0	0	0	0	18	0
ASV_10579	0	76	0	0	0	0
ASV_10599	0	2	0	0	0	0
ASV_106	4	0	31	0	0	145
ASV_10602	0	41	0	0	0	0
ASV_10603	0	26	0	0	0	0
ASV_10605	0	0	0	0	10	0
ASV_10609	0	0	0	83	0	0
ASV_10616	0	0	0	0	77	0
ASV_10647	0	70	0	0	0	0
ASV_10648	0	62	0	0	0	0
ASV_10666	0	0	0	0	70	0
ASV_10669	0	0	0	0	0	18
ASV_10682	0	66	0	0	0	0
ASV_10683	0	54	0	0	0	0
ASV_10690	2	0	0	0	0	0
ASV_10696	0	60	0	0	0	0
ASV_107	31	0	16	0	0	126
ASV_10713	0	0	0	27	0	0
ASV_10722	0	0	0	0	1	7
ASV_1073	2	0	15	0	0	0
ASV_10732	0	28	0	0	0	0
ASV_10735	0	0	0	0	66	0
ASV_10745	0	52	0	0	0	0
ASV_10749	0	0	0	58	0	0
ASV_10761	0	55	0	0	0	0
ASV_10764	0	0	0	0	62	0
ASV_10776	0	0	0	0	34	0
ASV_10777	0	17	0	0	0	0
ASV_10784	0	0	0	0	52	0
ASV_10785	0	0	0	0	59	0
ASV_1084	0	0	26	0	0	5
ASV_10847	0	28	0	0	0	0
ASV_10848	0	29	0	0	0	0
ASV_10850	0	0	0	0	22	0
ASV_10852	0	0	0	0	43	0
ASV_10854	0	0	0	0	52	0
ASV_10859	0	0	0	13	0	0
ASV_10866	0	51	0	0	0	0
ASV_10874	0	0	0	0	46	0
ASV_10875	0	0	0	0	50	0
ASV_10879	0	0	0	44	0	0
ASV_109	41	0	26	0	311	292
ASV_10901	0	42	0	0	0	0
ASV_10909	0	0	0	0	43	0
ASV_10913	0	0	0	52	0	0
ASV_10926	0	48	0	0	0	0
ASV_10927	0	52	0	0	0	0
ASV_10928	0	28	0	0	0	0
ASV_1093	0	0	0	0	24	0
ASV_10938	0	0	0	0	48	0
ASV_10960	0	0	0	58	0	0
ASV_10986	0	0	0	0	23	0
ASV_11	36	69	81	0	1466	500
ASV_11010	0	22	0	0	0	0
ASV_11018	0	0	0	0	40	0
ASV_11022	0	0	0	0	1	1
ASV_11040	0	28	0	0	0	0
ASV_11046	0	0	0	0	39	0
ASV_11047	0	0	0	0	31	0
ASV_11048	0	0	0	0	47	0
ASV_11071	0	20	0	0	0	0
ASV_11072	0	32	0	0	0	0
ASV_11080	0	0	0	0	36	0
ASV_11088	2	0	0	0	0	0
ASV_111	0	34	0	0	0	0
ASV_11100	0	0	0	0	18	0
ASV_11102	0	0	0	0	16	0
ASV_11103	0	34	0	0	0	0
ASV_11114	0	0	0	0	38	0
ASV_11133	0	18	0	0	0	0
ASV_11136	0	0	0	0	29	0
ASV_11138	0	0	0	0	37	0
ASV_11154	0	17	0	0	0	0
ASV_11155	0	24	0	0	0	0
ASV_11156	0	32	0	0	0	0
ASV_11161	0	0	0	0	35	0
ASV_11162	0	0	0	0	31	0
ASV_11163	0	0	0	0	34	0
ASV_11164	0	0	0	0	26	0
ASV_11186	0	31	0	0	0	0
ASV_11188	0	16	0	0	0	0
ASV_11189	0	11	0	0	0	0
ASV_112	0	0	0	0	10	85
ASV_11201	0	0	0	0	24	0
ASV_11202	0	0	0	0	27	0
ASV_11206	0	0	0	0	7	0
ASV_11213	0	0	0	0	0	4
ASV_11226	0	29	0	0	0	0
ASV_11234	0	0	0	20	0	0
ASV_11235	0	0	0	15	0	0
ASV_11275	0	0	1	0	0	2
ASV_11284	0	26	0	0	0	0
ASV_11285	0	13	0	0	0	0
ASV_11286	0	13	0	0	0	0
ASV_11287	0	17	0	0	0	0
ASV_113	264	0	1893	0	0	109
ASV_11304	0	0	0	0	24	0
ASV_11305	0	0	0	0	33	0
ASV_11306	0	0	0	0	21	0
ASV_11315	0	16	0	0	0	0
ASV_11335	0	25	0	0	0	0
ASV_11336	0	19	0	0	0	0
ASV_11352	0	0	0	0	22	0
ASV_1137	0	31	0	0	0	0
ASV_1138	20	0	23	523	0	43
ASV_11386	0	18	0	0	0	0
ASV_11387	0	11	0	0	0	0
ASV_11400	0	0	0	0	25	0
ASV_11401	0	0	0	0	11	0
ASV_11402	0	0	0	0	11	0
ASV_11403	0	0	0	0	23	0
ASV_11432	0	10	0	0	0	0
ASV_11433	0	18	0	0	0	0
ASV_11435	0	25	0	0	0	0
ASV_11436	0	10	0	0	0	0
ASV_11445	0	0	0	0	20	0
ASV_11446	0	0	0	0	17	0
ASV_11447	0	0	0	0	10	0
ASV_11448	0	0	0	0	22	0
ASV_11465	0	0	0	0	0	9
ASV_11473	0	18	0	0	0	0
ASV_11474	0	15	0	0	0	0
ASV_11476	0	9	0	0	0	0
ASV_11477	0	14	0	0	0	0
ASV_1148	0	0	6	0	43	0
ASV_11496	0	0	0	0	17	0
ASV_11497	0	0	0	0	9	0
ASV_11498	0	0	0	0	14	0
ASV_11499	0	0	0	0	20	0
ASV_115	158	0	54	0	0	925
ASV_11500	0	0	0	0	9	0
ASV_11540	0	12	0	0	0	0
ASV_11542	0	12	0	0	0	0
ASV_11543	0	8	0	0	0	0
ASV_11552	0	0	0	0	12	0
ASV_11554	0	0	0	0	18	0
ASV_11555	0	0	0	0	8	0
ASV_11583	0	0	7	0	0	0
ASV_11587	0	11	0	0	0	0
ASV_11588	0	11	0	0	0	0
ASV_11589	0	9	0	0	0	0
ASV_116	88	0	0	0	0	0
ASV_11603	0	0	0	0	7	0
ASV_11604	0	0	0	0	12	0
ASV_11605	0	0	0	0	10	0
ASV_11606	0	0	0	0	10	0
ASV_11607	0	0	0	0	13	0
ASV_11623	1	0	1	0	0	1
ASV_11633	0	0	0	0	0	6
ASV_11650	0	9	0	0	0	0
ASV_11651	0	12	0	0	0	0
ASV_11652	0	12	0	0	0	0
ASV_11653	0	10	0	0	0	0
ASV_11654	0	12	0	0	0	0
ASV_11655	0	9	0	0	0	0
ASV_11667	0	0	0	0	14	0
ASV_11668	0	0	0	0	13	0
ASV_11669	0	0	0	0	6	0
ASV_11670	0	0	0	0	14	0
ASV_11671	0	0	0	0	6	0
ASV_11672	0	0	0	0	11	0
ASV_11673	0	0	0	0	12	0
ASV_1169	2	0	0	0	0	5
ASV_11705	0	0	0	0	0	5
ASV_11719	0	5	0	0	0	0
ASV_11720	0	11	0	0	0	0
ASV_11742	0	0	0	0	5	0
ASV_11744	0	0	0	0	5	0
ASV_11745	0	0	0	0	5	0
ASV_11746	0	0	0	0	5	0
ASV_11747	0	0	0	0	5	0
ASV_11749	0	0	0	0	23	0
ASV_11764	0	0	0	5	0	0
ASV_118	0	49	0	355	24	0
ASV_11802	0	4	0	0	0	0
ASV_11804	0	4	0	0	0	0
ASV_11828	0	0	0	0	4	0
ASV_11830	0	0	0	0	4	0
ASV_11831	0	0	0	0	11	0
ASV_11832	0	0	0	0	8	0
ASV_11833	0	0	0	0	11	0
ASV_1185	0	0	0	0	18	0
ASV_11865	0	0	0	0	0	3
ASV_11877	1	0	0	0	0	0
ASV_11891	0	3	0	0	0	0
ASV_11892	0	3	0	0	0	0
ASV_11893	0	3	0	0	0	0
ASV_119	52	0	59	880	0	530
ASV_11905	0	0	0	0	3	0
ASV_11906	0	0	0	0	3	0
ASV_11954	0	0	0	0	0	2
ASV_11955	0	0	0	0	0	2
ASV_11974	0	5	0	0	0	0
ASV_11975	0	2	0	0	0	0
ASV_11985	0	0	0	0	8	0
ASV_12000	0	0	0	2	0	0
ASV_12001	0	0	0	2	0	0
ASV_12002	0	0	0	2	0	0
ASV_12011	1	0	0	0	0	0
ASV_1205	0	21	0	0	0	0
ASV_12062	0	0	0	0	21	0
ASV_12072	0	0	0	0	17	0
ASV_1208	0	59	0	0	0	0
ASV_12082	0	0	0	0	14	0
ASV_12083	0	0	0	0	14	0
ASV_12089	0	13	0	0	0	0
ASV_121	33	0	150	0	0	1226
ASV_12101	0	10	0	0	0	0
ASV_12104	0	0	0	0	10	0
ASV_12109	0	0	0	0	0	1
ASV_12114	0	0	0	0	9	0
ASV_12117	0	0	8	0	0	0
ASV_1212	0	0	0	0	68	0
ASV_12121	0	0	0	8	0	0
ASV_12130	0	0	0	0	7	0
ASV_12146	0	0	0	0	0	5
ASV_12152	0	5	0	0	0	0
ASV_12154	0	0	0	0	5	0
ASV_1216	0	12	0	0	0	0
ASV_12163	0	0	0	0	0	4
ASV_12175	0	4	0	0	0	0
ASV_12176	0	4	0	0	0	0
ASV_12211	0	0	0	0	3	0
ASV_12237	0	0	0	0	0	2
ASV_12245	0	2	0	0	0	0
ASV_1225	24	0	0	0	0	22
ASV_12288	0	1	0	0	0	0
ASV_123	159	0	0	0	0	0
ASV_124	203	0	108	0	759	230
ASV_125	0	111	0	0	0	0
ASV_1258	0	141	0	0	24	0
ASV_126	0	0	11	0	149	135
ASV_129	115	0	0	0	0	168
ASV_1296	0	0	9	0	0	0
ASV_13	0	315	0	0	520	0
ASV_130	188	0	263	0	18	412
ASV_131	21	0	16	0	0	129
ASV_1324	0	18	0	0	0	0
ASV_1364	19	0	0	0	0	104
ASV_137	66	80	17	0	85	147
ASV_1383	0	0	0	0	44	0
ASV_139	0	0	0	0	21	0
ASV_1392	37	0	96	0	0	78
ASV_14	10	2889	8	1153	7007	7
ASV_140	0	0	10	0	0	10
ASV_1407	0	46	0	0	0	0
ASV_142	27	0	232	0	107	807
ASV_1432	0	0	0	0	24	0
ASV_146	0	0	11	1036	21	50
ASV_1465	0	22	0	0	0	0
ASV_147	85	0	81	816	0	813
ASV_148	72	0	214	0	77	1164
ASV_149	84	0	144	0	0	3049
ASV_150	52	0	72	0	24	191
ASV_151	0	0	0	0	36	285
ASV_1511	0	5	0	0	0	0
ASV_152	0	45	0	0	163	18
ASV_1527	6	0	0	0	0	5
ASV_1543	0	66	0	0	0	0
ASV_155	0	0	0	0	32	0
ASV_156	2	0	0	0	0	50
ASV_1577	0	0	0	1264	0	0
ASV_158	9	0	0	0	92	24
ASV_1587	0	0	0	0	24	0
ASV_159	0	0	0	0	75	0
ASV_161	84	0	401	0	19	1579
ASV_162	31	0	19	0	0	169
ASV_1645	0	0	0	0	43	0
ASV_166	0	0	22	0	0	437
ASV_1675	0	0	0	0	18	0
ASV_169	71	0	0	0	0	63
ASV_1707	0	26	0	0	0	0
ASV_1709	0	0	0	0	12	0
ASV_172	66	0	68	0	59	841
ASV_1736	4	0	8	0	0	2
ASV_174	9	0	0	0	0	6
ASV_175	40	0	59	0	0	86
ASV_177	0	14	0	0	0	0
ASV_178	16	0	23	0	0	225
ASV_1787	0	58	0	0	0	0
ASV_179	0	0	0	0	0	15
ASV_1801	0	23	0	0	0	0
ASV_1802	0	15	0	0	0	0
ASV_182	103	0	21	812	45	248
ASV_1823	0	353	2	17610	539	0
ASV_1830	0	17	0	0	0	0
ASV_184	20	0	11	0	0	130
ASV_185	0	0	0	0	23	0
ASV_186	0	0	39	0	0	0
ASV_187	0	0	0	0	77	41
ASV_188	77	0	5	0	0	39
ASV_189	0	0	0	0	0	85
ASV_1899	0	21	0	0	0	0
ASV_1903	0	0	0	0	151	0
ASV_191	8	0	0	0	76	47
ASV_2	792	7387	720	5657	38894	281
ASV_2009	87	0	63	0	77	192
ASV_2065	0	0	3	0	0	12
ASV_21	1924	0	1032	1979	296	8297
ASV_210	0	0	0	0	0	32
ASV_2109	0	0	0	0	213	0
ASV_211	233	0	134	3881	0	508
ASV_212	0	0	0	0	101	699
ASV_213	14	0	20	0	0	120
ASV_215	0	27	0	0	14	0
ASV_216	271	0	398	0	0	3325
ASV_2176	0	0	0	0	9	0
ASV_220	0	0	5	0	0	0
ASV_223	9	6	12	0	24	52
ASV_224	90	0	63	0	40	702
ASV_225	68	0	101	0	0	222
ASV_226	70	0	38	0	168	121
ASV_228	155	0	54	0	39	216
ASV_2307	0	0	0	0	0	20
ASV_2309	16	0	21	0	0	5
ASV_231	4	0	321	0	0	736
ASV_232	38	0	77	0	0	143
ASV_233	0	0	30	0	0	163
ASV_237	240	0	329	0	103	1953
ASV_238	19	0	8	0	0	173
ASV_2392	0	0	0	0	247	0
ASV_24	0	27	0	0	48	0
ASV_240	8	0	34	0	0	173
ASV_241	21	0	116	0	65	684
ASV_242	0	201	0	0	43	0
ASV_2421	0	23	0	0	12	0
ASV_247	9	0	9	0	53	40
ASV_248	17	0	35	0	0	192
ASV_25	901	39	710	1329	53	8925
ASV_251	11	0	20	0	50	31
ASV_252	6	0	0	0	30	82
ASV_2532	0	0	0	0	0	3
ASV_2535	0	0	0	0	6	0
ASV_256	0	0	13	0	171	56
ASV_257	0	25	0	0	0	0
ASV_2596	0	50	0	0	0	0
ASV_2598	0	244	0	1871	180	0
ASV_26	173	0	0	0	353	336
ASV_262	0	0	0	0	0	3
ASV_263	11	0	45	0	0	42
ASV_2639	24	0	77	0	25	130
ASV_264	0	0	0	0	41	90
ASV_266	229	0	306	0	98	7281
ASV_269	0	0	0	0	104	40
ASV_27	179	0	3442	506	93	2944
ASV_2749	0	0	0	0	99	0
ASV_277	5	0	18	0	0	10
ASV_2777	25	0	0	0	0	0
ASV_278	92	0	12	0	179	425
ASV_2787	20	0	0	0	0	0
ASV_280	0	0	59	0	180	200
ASV_281	162	0	1179	0	29	4424
ASV_283	29	0	7	0	27	713
ASV_285	0	82	0	0	81	0
ASV_286	0	44	0	0	0	0
ASV_288	0	0	12	0	0	146
ASV_29	0	0	2	0	0	0
ASV_292	29	0	60	0	44	588
ASV_2942	23	0	0	0	14	0
ASV_296	14	0	27	0	53	8
ASV_299	30	0	8	0	106	82
ASV_30	950	0	764	0	65	1911
ASV_301	0	0	8	0	0	10
ASV_304	29	0	5	0	0	509
ASV_3069	0	0	0	0	82	0
ASV_309	0	0	0	0	6	0
ASV_31	23	0	21	0	16	79
ASV_311	0	36	0	0	34	0
ASV_3141	0	3	0	0	0	0
ASV_315	0	87	0	0	72	0
ASV_316	0	76	0	0	30	0
ASV_319	0	27	0	0	0	0
ASV_320	58	0	50	0	23	358
ASV_3221	0	18	0	0	0	0
ASV_323	13	0	0	0	0	22
ASV_3253	0	0	13	0	0	3
ASV_33	59	946	21	455	192	25
ASV_332	0	0	21	234	12	22
ASV_335	0	0	0	0	0	100
ASV_336	0	0	0	0	0	116
ASV_3372	140	0	76	0	0	2093
ASV_338	0	0	0	0	37	0
ASV_3381	0	0	0	0	7	0
ASV_3393	0	4	0	0	3	0
ASV_342	38	0	36	0	0	35
ASV_344	0	0	0	0	239	97
ASV_3504	0	29	0	0	11	0
ASV_3543	1	0	0	0	0	0
ASV_356	24	0	68	0	0	513
ASV_357	0	0	6	0	0	79
ASV_3597	33	0	0	0	9	8
ASV_36	73	0	0	0	19	20
ASV_360	129	0	54	0	81	356
ASV_3600	37	0	24	0	0	62
ASV_3607	0	64	0	5917	372	0
ASV_3608	0	0	0	1155	0	0
ASV_3609	0	33	0	0	0	0
ASV_361	3	0	9	0	0	61
ASV_3610	0	0	6	0	0	0
ASV_3618	8	0	0	0	0	3
ASV_3621	3	0	4	0	0	55
ASV_3622	42	0	5	0	31	64
ASV_3630	3	0	5	0	0	3
ASV_3631	0	0	1	0	0	2
ASV_3646	0	0	4	0	0	26
ASV_365	0	0	0	0	0	23
ASV_3650	0	143	0	2187	31	0
ASV_3657	0	0	1	0	0	3
ASV_3659	0	87	0	0	0	0
ASV_366	0	0	0	0	30	0
ASV_367	0	65	0	0	131	0
ASV_369	160	0	275	0	61	562
ASV_37	0	0	4	0	90	12
ASV_370	23	0	4	0	0	0
ASV_3703	0	0	0	0	0	2
ASV_371	0	0	0	0	0	9
ASV_3715	0	0	0	0	0	1
ASV_3718	607	0	248	0	0	8521
ASV_3739	0	0	0	628	0	0
ASV_374	0	183	0	0	928	0
ASV_3763	0	118	0	0	61	0
ASV_377	0	17	0	0	0	0
ASV_3785	0	17	0	0	0	0
ASV_3799	0	0	8	0	0	18
ASV_380	107	0	5	0	0	842
ASV_382	2	0	0	0	0	12
ASV_385	0	0	0	0	0	12
ASV_387	0	0	7	0	0	0
ASV_3870	0	0	0	0	0	2
ASV_3892	3	0	0	0	0	0
ASV_39	7	0	11	0	134	57
ASV_390	0	0	0	0	0	4
ASV_3913	0	3	0	0	34	0
ASV_3918	30	0	36	0	111	154
ASV_3924	0	26	0	0	0	0
ASV_398	14	0	184	0	18	401
ASV_3987	71	49	110	0	961	102
ASV_399	0	0	54	0	170	44
ASV_4	23480	1088	6858	3305	18099	47007
ASV_40	109	0	477	0	553	2066
ASV_400	13	0	0	0	0	59
ASV_401	0	21	0	0	0	0
ASV_4018	57	0	86	0	320	509
ASV_402	0	0	0	0	28	0
ASV_403	0	0	0	0	46	0
ASV_4032	38	0	83	0	4	1032
ASV_4037	0	15	0	0	0	0
ASV_404	0	0	0	0	108	9
ASV_4056	0	6	0	0	0	0
ASV_409	84	0	167	0	0	126
ASV_41	0	417	0	4431	191	0
ASV_4129	0	23	0	0	0	0
ASV_413	0	20	0	0	106	0
ASV_4138	0	0	0	0	452	0
ASV_414	0	0	0	0	29	0
ASV_415	0	2	0	0	0	0
ASV_4174	1	0	0	0	0	0
ASV_4181	0	0	0	0	43	0
ASV_419	0	0	0	0	39	0
ASV_42	5	0	0	0	0	0
ASV_421	0	0	0	0	61	0
ASV_4231	0	0	5	0	0	0
ASV_4241	0	0	0	0	19	0
ASV_425	0	0	6	0	0	22
ASV_428	0	0	0	0	6	0
ASV_43	0	0	45	0	0	106
ASV_4314	0	0	0	0	0	4
ASV_4332	0	5	0	0	0	0
ASV_436	0	0	0	0	84	0
ASV_439	331	19	297	0	0	1369
ASV_441	4	0	0	0	0	67
ASV_4434	0	0	15	0	69	5
ASV_4458	31	0	164	0	162	770
ASV_45	16	0	16	2	313	81
ASV_453	0	0	0	0	0	39
ASV_454	0	0	0	0	49	0
ASV_46	254	0	19	0	335	144
ASV_460	24	0	76	0	0	214
ASV_461	0	0	89	0	0	493
ASV_462	0	0	0	0	30	0
ASV_4620	5	0	4	0	0	24
ASV_466	0	0	11	0	0	136
ASV_467	0	0	0	224	0	0
ASV_471	76	0	0	0	58	112
ASV_48	661	0	389	0	128	1533
ASV_481	70	0	38	0	0	162
ASV_486	0	0	71	0	0	25
ASV_4878	0	0	0	440	0	0
ASV_488	0	0	0	2450	0	0
ASV_4897	0	0	0	0	2	0
ASV_49	31	0	24	0	142	119
ASV_490	0	0	0	0	0	22
ASV_4911	0	37	0	0	103	0
ASV_4994	5	26	0	0	0	0
ASV_50	60	0	155	0	0	294
ASV_505	301	0	14	0	0	56
ASV_506	0	0	0	0	0	46
ASV_509	0	49	0	0	0	0
ASV_511	12	0	32	0	0	222
ASV_519	4	0	65	0	0	399
ASV_526	0	130	0	0	0	0
ASV_53	0	3711	0	8747	15965	0
ASV_530	0	35	0	0	0	0
ASV_534	0	0	0	0	56	33
ASV_539	225	0	168	0	0	668
ASV_54	102	0	108	0	11	751
ASV_544	11	0	16	0	0	140
ASV_55	60	25	0	0	10	0
ASV_552	215	0	189	0	15	764
ASV_559	0	18	0	0	0	0
ASV_56	0	0	0	0	0	97
ASV_5600	2	0	0	0	0	9
ASV_5605	0	0	0	0	21	0
ASV_5606	8	16	10	0	15	8
ASV_5608	0	0	0	0	32	0
ASV_563	0	24	0	0	0	0
ASV_564	12	0	0	0	0	60
ASV_566	37	0	5	0	0	127
ASV_567	0	0	27	0	0	119
ASV_5675	0	0	0	521	0	0
ASV_568	25	0	19	0	0	497
ASV_569	0	0	0	0	60	0
ASV_5697	0	49	0	0	0	0
ASV_57	0	0	0	0	0	4
ASV_5711	23	0	2	0	0	0
ASV_572	251	0	182	201	0	819
ASV_5747	0	0	0	793	99	0
ASV_578	159	0	50	0	0	25
ASV_580	62	0	115	0	22	216
ASV_585	18	0	58	0	0	275
ASV_5876	0	12	0	0	97	0
ASV_5888	0	0	0	0	43	0
ASV_5928	0	61	0	0	677	0
ASV_595	0	0	0	0	12	0
ASV_596	8	0	0	0	0	11
ASV_5966	0	0	0	0	1307	0
ASV_597	0	0	0	0	0	57
ASV_5986	0	0	0	0	0	5
ASV_6003	0	0	0	0	21	0
ASV_6011	0	296	0	5866	77	0
ASV_602	0	17	0	0	0	0
ASV_604	217	0	0	0	0	223
ASV_6045	0	0	0	0	79	0
ASV_6066	0	7	0	0	0	0
ASV_6069	0	0	0	1121	0	0
ASV_6074	0	0	0	0	53	0
ASV_6109	6	0	7	0	0	8
ASV_612	0	0	0	0	0	101
ASV_6137	0	0	0	585	0	0
ASV_614	0	0	0	0	33	0
ASV_6144	0	0	0	27	119	0
ASV_6182	0	0	0	572	0	0
ASV_619	0	37	0	0	66	0
ASV_6208	0	0	0	0	33	0
ASV_6235	0	0	0	0	10	0
ASV_6282	0	11	0	0	0	0
ASV_6391	0	12	0	0	0	0
ASV_64	30	0	19	0	0	119
ASV_647	12	0	5	0	0	49
ASV_648	56	0	0	0	0	122
ASV_65	2	16	9	0	12	11
ASV_6503	0	0	13	0	0	0
ASV_6507	0	0	0	0	7	0
ASV_652	7	0	28	0	0	54
ASV_6536	0	0	0	0	41	0
ASV_654	13	0	5	0	0	32
ASV_655	13	0	69	0	25	22
ASV_656	0	212	0	0	91	0
ASV_658	86	0	112	0	0	2716
ASV_659	0	77	0	0	0	0
ASV_661	0	0	0	0	41	0
ASV_663	20	0	16	0	0	216
ASV_6682	0	0	0	275	0	0
ASV_67	63	0	0	0	44	17
ASV_672	0	0	0	0	18	0
ASV_6745	0	81	0	1855	7	0
ASV_6751	0	0	0	395	0	0
ASV_6810	0	0	0	67	0	0
ASV_684	0	0	0	0	0	40
ASV_6856	0	0	0	1	0	0
ASV_6863	0	81	0	1673	95	0
ASV_69	0	0	101	0	0	462
ASV_7	2190	163	2563	1640	4942	4612
ASV_70	183	0	766	0	55	3191
ASV_7050	0	0	0	0	104	0
ASV_706	0	0	0	0	0	10
ASV_71	59	0	125	0	865	65
ASV_7130	0	0	0	0	35	0
ASV_719	8	0	55	0	17	231
ASV_721	10	0	0	0	0	236
ASV_7220	0	11	0	0	0	0
ASV_7239	0	0	0	637	0	0
ASV_729	0	0	0	0	0	163
ASV_73	0	0	16	0	93	16
ASV_7301	0	82	0	4178	274	0
ASV_732	0	0	0	0	4	0
ASV_736	0	194	0	0	125	0
ASV_74	0	0	0	0	0	50
ASV_7495	0	0	0	655	0	0
ASV_75	0	39	0	0	8	0
ASV_750	25	0	44	0	0	535
ASV_7547	0	0	0	10	0	0
ASV_756	20	0	11	0	0	105
ASV_76	116	0	181	0	40	846
ASV_765	0	0	0	0	0	28
ASV_77	0	0	69	0	0	0
ASV_772	0	0	3	0	0	3
ASV_7763	434	0	64	0	294	501
ASV_7765	6	0	23	5	114	63
ASV_7766	7453	268	2268	796	5298	14691
ASV_7767	505	0	163	0	160	6526
ASV_7779	135	0	183	0	8	1449
ASV_779	17	0	3	0	0	0
ASV_7798	4	0	4	0	0	25
ASV_7799	0	0	9	0	0	0
ASV_782	0	161	0	0	613	0
ASV_7837	5	0	0	0	0	0
ASV_7839	0	0	0	0	0	1
ASV_7843	4	0	0	0	0	11
ASV_7870	0	42	0	0	871	0
ASV_79	37	0	61	0	0	131
ASV_792	0	0	10	0	0	0
ASV_7922	0	0	0	0	13	0
ASV_7953	0	0	0	0	63	0
ASV_80	105	0	179	0	39	900
ASV_804	45	0	43	0	19	82
ASV_8074	7	0	0	0	0	0
ASV_808	0	0	0	0	0	4
ASV_816	86	0	100	0	0	710
ASV_8229	0	0	1	0	0	2
ASV_826	0	20	0	0	0	0
ASV_829	27	0	33	0	0	223
ASV_835	26	0	26	39	0	333
ASV_837	0	0	5	0	0	22
ASV_8391	3	0	0	0	0	2
ASV_8466	0	0	0	0	0	49
ASV_8517	0	43	0	0	73	0
ASV_86	1279	2	3493	4	206	1107
ASV_861	0	0	4	0	0	29
ASV_862	0	18	0	0	0	0
ASV_866	0	0	19	0	0	55
ASV_87	26	0	289	0	0	194
ASV_879	9	0	19	0	0	131
ASV_884	0	0	0	0	0	25
ASV_885	0	30	0	0	0	0
ASV_8887	3	0	0	0	0	0
ASV_89	0	0	17	0	45	15
ASV_892	0	0	0	0	0	19
ASV_9	0	0	0	0	25	0
ASV_90	0	0	58	772	29	304
ASV_9155	1	0	9	0	0	0
ASV_921	36	0	0	0	0	7
ASV_9268	0	59	0	537	47	0
ASV_932	0	0	0	0	0	21
ASV_933	0	0	0	0	0	28
ASV_936	0	0	0	0	11	0
ASV_9383	0	0	0	0	0	1
ASV_943	0	0	0	370	21	0
ASV_9437	0	40	0	0	0	0
ASV_946	0	0	0	75	0	0
ASV_9478	0	0	4	0	0	0
ASV_95	44	0	0	449	0	327
ASV_955	0	0	0	0	69	0
ASV_9599	0	54	0	1432	0	0
ASV_9667	0	55	0	0	571	0
ASV_9668	0	35	0	2538	262	0
ASV_9669	0	52	0	1865	0	0
ASV_9672	0	35	0	776	0	0
ASV_9673	0	0	0	1703	0	0
ASV_9674	0	0	0	0	181	0
ASV_9676	0	41	0	2061	102	0
ASV_9677	0	0	0	1326	31	0
ASV_9678	0	148	0	813	51	0
ASV_9681	0	0	0	3177	0	0
ASV_9684	0	0	0	0	103	0
ASV_9686	0	11	0	0	0	0
ASV_9699	0	7	0	0	0	0
ASV_9702	0	37	0	0	0	0
ASV_9703	0	0	0	814	0	0
ASV_9706	0	26	0	0	0	0
ASV_9709	0	0	0	0	32	0
ASV_9710	0	0	0	1593	0	0
ASV_9711	0	0	0	1545	0	0
ASV_9716	0	0	0	1418	0	0
ASV_9718	0	0	0	1307	0	0
ASV_9720	0	0	0	1333	0	0
ASV_9721	0	93	0	0	0	0
ASV_9722	0	0	0	851	28	0
ASV_9723	0	0	0	1346	0	0
ASV_9724	0	0	0	1249	0	0
ASV_9726	0	0	0	1294	0	0
ASV_9729	0	0	0	1019	0	0
ASV_9732	0	0	0	837	34	0
ASV_9736	0	16	0	666	0	0
ASV_9740	0	0	0	1071	0	0
ASV_9741	0	0	0	1091	0	0
ASV_9742	0	0	0	1038	0	0
ASV_9745	0	0	0	292	0	0
ASV_9746	0	0	0	1031	0	0
ASV_9752	0	0	0	0	46	0
ASV_9756	0	30	0	852	0	0
ASV_9757	0	0	0	997	0	0
ASV_9758	0	0	0	974	0	0
ASV_9759	0	0	0	895	0	0
ASV_9760	0	0	0	0	38	0
ASV_9761	0	0	0	936	0	0
ASV_9763	0	0	0	912	0	0
ASV_9764	0	0	0	865	0	0
ASV_9766	0	0	0	0	17	0
ASV_9768	0	0	0	837	0	0
ASV_9774	0	0	0	231	0	0
ASV_9777	0	0	0	826	0	0
ASV_9780	0	0	0	0	50	0
ASV_9781	0	0	0	816	0	0
ASV_9789	0	0	0	847	0	0
ASV_9790	0	0	0	0	178	0
ASV_9796	0	0	0	532	10	0
ASV_9797	0	0	0	763	0	0
ASV_9798	0	0	0	751	0	0
ASV_98	0	0	0	0	234	5
ASV_9803	0	0	0	672	0	0
ASV_9805	0	34	0	0	0	0
ASV_9808	0	0	0	723	0	0
ASV_9815	0	0	0	699	0	0
ASV_9821	0	0	0	644	0	0
ASV_9822	0	0	0	548	2	0
ASV_983	0	67	0	0	0	0
ASV_9846	0	75	0	0	0	0
ASV_985	7	0	2	0	0	6
ASV_9851	0	13	0	0	0	0
ASV_9852	0	0	0	564	0	0
ASV_9864	0	0	0	491	0	0
ASV_9872	0	19	0	0	0	0
ASV_9874	0	0	0	125	0	0
ASV_9876	0	0	0	535	0	0
ASV_9882	0	0	0	502	0	0
ASV_9883	0	0	0	514	0	0
ASV_9889	0	0	0	482	0	0
ASV_9892	0	0	0	500	0	0
ASV_9894	0	0	0	462	0	0
ASV_9898	0	0	0	483	0	0
ASV_9903	0	0	0	477	0	0
ASV_9904	0	0	0	514	0	0
ASV_9912	0	0	0	461	0	0
ASV_9921	0	0	0	435	0	0
ASV_9936	0	0	0	0	172	0
ASV_9941	0	0	0	139	0	0
ASV_9943	0	0	0	383	0	0
ASV_9947	0	0	0	0	25	0
ASV_9953	0	0	0	0	59	0
ASV_9985	0	25	0	0	0	0
ASV_9997	0	0	0	0	66	0
