	F_Day_0_Abx_D	O_Day_0_Abx_D	O_Day_7_Abx_D	F_Day_7_Abx_D	F_Day_3_Abx_D
ASV_100	87	0	0	0	0
ASV_10000	0	5	0	0	0
ASV_10011	0	0	8	0	0
ASV_10015	0	0	29	223	0
ASV_10061	6	0	0	0	0
ASV_10191	0	0	0	217	0
ASV_10252	0	13	12	0	0
ASV_1026	30	0	0	0	0
ASV_10268	0	0	0	146	0
ASV_10276	0	0	0	155	0
ASV_1030	24	0	0	0	0
ASV_1031	26	0	0	0	0
ASV_10337	0	26	0	0	0
ASV_10377	0	0	0	132	0
ASV_10385	0	0	0	105	0
ASV_104	1307	0	0	0	4
ASV_10433	2	0	0	0	0
ASV_10454	0	0	0	96	0
ASV_10504	0	0	0	53	0
ASV_10505	0	0	0	101	0
ASV_10554	0	0	0	88	0
ASV_1056	197	0	0	0	0
ASV_10560	0	0	0	2	0
ASV_10574	0	0	0	84	0
ASV_106	856	0	0	0	0
ASV_10610	42	0	0	0	0
ASV_10623	0	0	0	82	0
ASV_10633	0	0	0	98	0
ASV_10658	0	0	0	63	0
ASV_10659	0	0	0	76	0
ASV_107	254	0	0	0	0
ASV_10706	0	0	0	64	0
ASV_10707	0	0	0	65	0
ASV_10728	0	0	0	35	0
ASV_1073	29	0	0	0	0
ASV_10732	0	0	0	2	0
ASV_10752	1	0	0	0	0
ASV_108	17	0	0	0	0
ASV_10833	9	0	0	0	0
ASV_10838	0	3	0	0	0
ASV_10843	0	0	0	52	0
ASV_10889	0	0	0	26	0
ASV_10890	0	0	0	26	0
ASV_109	734	183	0	0	0
ASV_10916	0	0	0	25	0
ASV_10917	0	0	0	43	0
ASV_10940	0	0	46	0	0
ASV_10961	19	0	0	0	0
ASV_10999	0	0	0	48	0
ASV_11	451	0	0	0	0
ASV_110	79	0	0	0	0
ASV_11035	0	28	0	0	0
ASV_11064	0	0	0	44	0
ASV_11088	4	0	0	0	0
ASV_111	0	48	0	0	0
ASV_11150	0	0	0	33	0
ASV_112	861	0	0	0	0
ASV_11209	15	0	0	0	0
ASV_1121	32	0	0	0	0
ASV_11276	0	0	0	28	0
ASV_11277	0	0	0	26	0
ASV_11282	0	27	0	0	0
ASV_113	22	0	0	2	22
ASV_11325	0	0	0	22	0
ASV_11330	0	12	0	0	0
ASV_11331	0	27	0	0	0
ASV_11379	0	11	0	0	0
ASV_1138	272	0	0	0	0
ASV_11421	0	0	0	14	0
ASV_11425	0	10	0	0	0
ASV_11467	0	19	0	0	0
ASV_11468	0	13	0	0	0
ASV_115	694	0	0	0	5
ASV_11530	0	15	0	0	0
ASV_11582	0	0	0	7	0
ASV_11585	0	10	0	0	0
ASV_116	1548	0	0	0	0
ASV_11611	0	0	7	0	0
ASV_11613	0	0	7	0	0
ASV_11623	0	0	0	0	2
ASV_11634	0	0	0	6	0
ASV_11635	0	0	0	6	0
ASV_11636	0	0	0	6	0
ASV_11642	0	13	0	0	0
ASV_11643	0	6	0	0	0
ASV_11677	0	0	6	0	0
ASV_11678	0	0	13	0	0
ASV_1169	4	0	0	0	0
ASV_117	194	0	0	0	0
ASV_11708	0	9	0	0	0
ASV_11709	0	8	0	0	0
ASV_11710	0	9	0	0	0
ASV_11711	0	5	0	0	0
ASV_11758	0	0	5	0	0
ASV_11777	4	0	0	0	0
ASV_11778	7	0	0	0	0
ASV_1178	0	0	0	111	0
ASV_11794	0	7	0	0	0
ASV_1185	0	0	0	25	0
ASV_11852	3	0	0	0	0
ASV_11853	3	0	0	0	0
ASV_11880	0	5	0	0	0
ASV_11882	0	3	0	0	0
ASV_119	631	0	0	4	6
ASV_11941	2	0	0	0	0
ASV_11961	0	0	0	2	0
ASV_11962	0	0	0	2	0
ASV_11968	0	4	0	0	0
ASV_11993	0	0	2	0	0
ASV_11994	0	0	2	0	0
ASV_12027	0	1	0	0	0
ASV_12064	12	0	0	0	0
ASV_12085	13	0	0	0	0
ASV_12110	0	9	0	0	0
ASV_1212	0	0	8	0	0
ASV_12123	7	0	0	0	0
ASV_12140	0	0	6	0	0
ASV_12148	0	5	0	0	0
ASV_12169	0	4	0	0	0
ASV_12204	0	3	0	0	0
ASV_12243	0	2	0	0	0
ASV_12244	0	2	0	0	0
ASV_12264	1	0	0	0	0
ASV_12265	1	0	0	0	0
ASV_12276	0	0	0	0	1
ASV_12284	0	1	0	0	0
ASV_12285	0	1	0	0	0
ASV_124	345	10	0	0	0
ASV_126	177	0	0	0	0
ASV_129	2394	0	0	0	0
ASV_13	0	20	0	942	0
ASV_130	1519	0	0	0	0
ASV_131	154	0	0	0	0
ASV_1312	23	0	0	0	0
ASV_1318	0	14	0	0	0
ASV_1364	100	0	0	0	0
ASV_137	104	0	0	0	0
ASV_14	30	328	2	4917	0
ASV_140	220	0	0	0	0
ASV_142	647	0	0	7	10
ASV_147	2350	0	0	0	0
ASV_148	2254	0	0	0	45
ASV_149	802	0	0	0	0
ASV_150	161	0	0	0	0
ASV_151	24	0	0	0	0
ASV_1511	0	10	0	0	0
ASV_152	159	0	0	0	0
ASV_156	55	0	0	0	0
ASV_158	46	0	0	0	0
ASV_161	1625	0	0	0	0
ASV_162	1278	0	0	0	0
ASV_164	105	0	0	0	0
ASV_1645	15	0	0	0	0
ASV_166	479	0	0	0	0
ASV_1681	0	19	0	0	0
ASV_169	4659	0	0	0	0
ASV_17	151	0	0	0	0
ASV_172	2240	0	0	0	0
ASV_1736	4	0	0	0	0
ASV_1738	73	0	0	0	0
ASV_174	62	0	0	0	0
ASV_175	792	0	0	0	0
ASV_178	782	0	0	0	0
ASV_182	4485	0	0	0	0
ASV_1823	2	316	54	401	0
ASV_1838	0	0	0	32	0
ASV_184	312	0	0	0	0
ASV_186	273	0	0	0	0
ASV_187	229	66	0	0	0
ASV_188	1003	0	0	0	0
ASV_189	184	0	0	0	0
ASV_1912	7	10	0	0	0
ASV_2	7388	38	0	0	27
ASV_2009	2352	16	0	0	17
ASV_2019	0	0	11	0	0
ASV_2065	26	0	0	0	0
ASV_209	221	0	0	0	0
ASV_21	26537	13	0	0	124
ASV_210	494	0	0	0	0
ASV_2109	0	0	0	157	0
ASV_211	402	0	0	0	0
ASV_212	89	0	0	0	6
ASV_213	228	0	0	0	0
ASV_216	2220	0	0	0	5
ASV_22	247	0	0	0	0
ASV_220	185	0	0	0	0
ASV_223	11	0	0	0	0
ASV_224	1170	0	0	0	0
ASV_225	1238	0	0	0	0
ASV_226	535	0	0	0	6
ASV_228	1976	0	0	0	0
ASV_2309	1	0	0	0	0
ASV_231	15	0	14	0	0
ASV_2314	0	0	0	68	0
ASV_232	1745	0	0	0	0
ASV_233	163	0	0	0	0
ASV_237	2229	0	0	0	4
ASV_238	136	0	0	0	0
ASV_239	10	0	0	0	0
ASV_24	0	0	0	61	0
ASV_240	12	0	0	0	0
ASV_241	242	0	0	0	0
ASV_2420	0	11	0	0	0
ASV_247	305	0	0	0	0
ASV_248	200	0	0	0	0
ASV_25	4706	0	21	4	29
ASV_251	42	0	0	0	0
ASV_252	148	0	0	0	0
ASV_2533	9	0	0	0	0
ASV_256	419	0	0	0	0
ASV_2598	0	48	62	0	0
ASV_26	3884	0	0	0	0
ASV_263	80	0	0	0	0
ASV_2639	12	0	0	0	0
ASV_264	507	7	0	0	0
ASV_266	1926	0	0	0	0
ASV_269	250	0	0	0	0
ASV_27	5945	0	0	12	35
ASV_271	32	0	0	0	0
ASV_272	28	0	0	0	0
ASV_274	33	0	0	0	4
ASV_275	51	0	0	0	0
ASV_277	169	0	0	0	0
ASV_2777	228	0	0	0	0
ASV_278	224	0	0	0	0
ASV_2787	405	0	0	0	0
ASV_280	143	0	0	0	0
ASV_281	5733	0	0	0	0
ASV_282	0	6	0	0	0
ASV_283	1965	0	0	0	10
ASV_288	107	0	0	0	0
ASV_29	56	0	0	0	0
ASV_292	291	0	0	0	0
ASV_2942	18	0	0	0	0
ASV_296	413	0	0	0	0
ASV_299	25	0	0	0	0
ASV_30	11765	7	0	0	36
ASV_300	0	6	0	0	0
ASV_301	153	0	0	0	0
ASV_304	723	0	0	0	0
ASV_31	1585	0	0	0	0
ASV_312	43	0	0	0	0
ASV_316	0	0	0	21	0
ASV_32	13	0	0	0	0
ASV_320	1137	0	0	0	6
ASV_323	18	0	0	0	0
ASV_326	150	0	0	0	0
ASV_327	84	0	0	0	0
ASV_33	117	0	0	0	8
ASV_332	34	0	0	0	0
ASV_335	390	0	0	0	0
ASV_336	351	0	0	0	0
ASV_337	363	0	0	0	3
ASV_3372	3103	0	0	0	0
ASV_340	27	0	0	0	0
ASV_342	274	0	0	0	0
ASV_344	166	0	0	0	0
ASV_346	3	0	0	0	0
ASV_356	310	0	0	0	4
ASV_357	148	0	0	0	0
ASV_3597	4710	0	0	0	4
ASV_36	263	0	0	0	0
ASV_360	915	0	0	0	8
ASV_3600	362	0	0	0	0
ASV_3607	0	36	55	146	0
ASV_361	327	0	0	0	0
ASV_3610	2	0	0	0	0
ASV_3618	7	0	0	0	0
ASV_3621	53	0	0	0	0
ASV_3622	140	0	0	0	0
ASV_3630	2	0	0	0	16
ASV_3631	2	0	0	0	0
ASV_3646	58	0	0	0	0
ASV_365	96	0	0	0	0
ASV_3650	0	38	69	557	0
ASV_367	0	17	0	0	0
ASV_369	889	0	0	0	8
ASV_37	179	0	0	0	0
ASV_370	131	0	0	0	0
ASV_3703	2	0	0	0	0
ASV_371	55	0	0	0	0
ASV_3715	2	0	0	0	0
ASV_3718	5255	0	0	0	0
ASV_372	66	0	0	0	0
ASV_3739	0	0	57	0	0
ASV_374	0	11	0	0	0
ASV_3799	127	0	0	0	0
ASV_382	171	0	0	0	0
ASV_385	35	0	0	0	0
ASV_387	135	0	0	0	0
ASV_389	151	0	0	0	0
ASV_39	7	0	0	0	0
ASV_390	14	0	0	0	0
ASV_391	51	0	0	0	0
ASV_3913	0	0	0	85	0
ASV_3918	126	0	0	0	0
ASV_3930	152	0	0	0	0
ASV_3941	146	0	0	0	0
ASV_3960	1075	0	0	0	4
ASV_3975	3	0	0	0	0
ASV_398	120	0	0	0	3
ASV_3987	569	15	0	0	6
ASV_4	80898	97	198	113	392
ASV_40	513	0	0	0	5
ASV_400	245	0	0	0	0
ASV_4018	931	0	0	0	0
ASV_4022	5	0	0	0	0
ASV_403	0	8	0	0	0
ASV_4050	0	0	10	0	0
ASV_408	342	0	0	0	0
ASV_409	1264	0	0	0	0
ASV_41	0	94	0	246	0
ASV_417	0	0	0	71	0
ASV_42	2420	0	0	0	0
ASV_421	3	0	0	0	0
ASV_425	76	0	0	0	0
ASV_43	248	0	0	0	0
ASV_433	45	0	0	0	0
ASV_436	0	18	0	0	0
ASV_4386	10	0	0	0	0
ASV_439	424	0	0	0	53
ASV_441	76	0	0	0	0
ASV_4434	386	5	0	0	0
ASV_445	29	0	0	0	0
ASV_4458	167	0	0	0	0
ASV_45	120	0	0	0	0
ASV_453	51	0	0	0	0
ASV_4583	0	5	0	0	0
ASV_46	1647	0	0	0	0
ASV_460	111	0	0	2	2
ASV_461	86	0	0	0	0
ASV_462	128	0	0	0	0
ASV_4620	5	0	0	3	0
ASV_466	93	0	0	0	0
ASV_467	4	0	22	0	0
ASV_47	114	0	0	0	0
ASV_471	558	0	2	61	13
ASV_477	45	0	0	0	0
ASV_48	12914	5	57	0	22
ASV_481	987	0	0	0	16
ASV_486	145	0	0	0	0
ASV_488	0	0	198	160	0
ASV_49	115	0	0	0	0
ASV_4994	0	0	0	5	0
ASV_50	193	0	0	2	18
ASV_505	388	0	0	0	0
ASV_506	94	0	0	0	0
ASV_511	494	0	0	0	0
ASV_518	0	0	0	0	8
ASV_519	196	0	0	0	0
ASV_5292	2	0	0	0	0
ASV_53	0	229	0	0	0
ASV_530	0	2	0	0	0
ASV_534	88	0	0	0	0
ASV_539	265	0	0	0	0
ASV_54	2777	0	0	0	0
ASV_544	241	0	0	0	0
ASV_547	174	0	0	0	0
ASV_55	242	0	0	0	0
ASV_552	251	0	0	0	0
ASV_5599	19	0	0	0	0
ASV_5600	13	0	0	0	0
ASV_5606	43	0	0	2	0
ASV_5608	13	0	0	0	0
ASV_564	83	0	0	0	0
ASV_566	241	0	0	0	0
ASV_567	365	0	0	0	0
ASV_568	694	0	0	0	0
ASV_5682	0	25	0	0	0
ASV_57	121	0	0	0	0
ASV_571	7	0	0	0	0
ASV_5711	4	0	0	0	0
ASV_572	235	0	0	0	0
ASV_5760	8	0	0	0	0
ASV_578	6650	0	0	0	0
ASV_580	409	0	0	0	0
ASV_585	451	0	0	0	3
ASV_593	27	0	0	0	0
ASV_5950	76	0	0	0	0
ASV_596	71	0	0	0	0
ASV_5966	0	0	0	18	0
ASV_597	99	0	0	0	0
ASV_5986	2	0	0	0	0
ASV_60	6	0	0	0	2
ASV_6011	0	62	2	5	0
ASV_604	488	0	0	0	0
ASV_6045	0	0	29	223	0
ASV_6069	0	3	0	20	0
ASV_6074	0	0	0	97	0
ASV_609	40	0	0	0	0
ASV_6109	9	0	0	0	0
ASV_6118	0	4	49	0	0
ASV_612	150	0	0	0	0
ASV_6143	0	0	2	0	0
ASV_6182	0	0	0	12	0
ASV_633	51	0	0	0	0
ASV_64	227	0	0	0	0
ASV_647	166	0	0	0	0
ASV_648	36	0	0	0	0
ASV_65	210	0	0	0	0
ASV_652	58	0	0	0	0
ASV_654	130	0	0	0	0
ASV_655	167	0	0	0	0
ASV_658	821	0	0	0	0
ASV_660	0	0	0	97	0
ASV_661	0	24	0	0	0
ASV_663	101	0	0	0	0
ASV_67	596	18	0	0	0
ASV_6745	0	8	0	0	0
ASV_6828	0	6	0	0	0
ASV_684	69	0	0	0	0
ASV_6856	0	15	0	0	0
ASV_6863	0	25	11	1123	0
ASV_69	855	0	0	0	0
ASV_7	1069	25	0	277	32
ASV_70	3359	0	0	0	0
ASV_706	144	0	0	0	0
ASV_71	624	4	0	0	8
ASV_711	40	0	0	0	0
ASV_713	10	0	0	0	0
ASV_714	0	3	0	0	0
ASV_719	24	0	0	0	0
ASV_721	237	0	0	0	0
ASV_7233	0	0	32	0	0
ASV_729	51	0	0	0	0
ASV_73	0	0	0	129	0
ASV_730	7	0	0	0	0
ASV_7301	0	0	0	269	0
ASV_737	35	0	0	0	0
ASV_7395	0	0	42	0	0
ASV_74	102	0	0	0	0
ASV_740	152	0	0	0	0
ASV_7436	0	0	0	3	0
ASV_7463	0	2	0	0	0
ASV_75	0	16	0	0	0
ASV_750	327	0	0	0	0
ASV_756	576	0	0	0	0
ASV_76	1038	0	0	0	0
ASV_765	5	0	0	0	0
ASV_77	180	0	0	0	0
ASV_7763	1006	0	0	87	0
ASV_7766	19737	0	65	49	143
ASV_7767	2450	0	9	0	0
ASV_7779	365	0	0	0	31
ASV_779	80	0	0	3	3
ASV_7792	95	0	0	0	0
ASV_7798	45	0	0	0	0
ASV_7799	159	0	0	0	0
ASV_7813	120	0	0	21	0
ASV_782	0	9	0	0	0
ASV_7837	2	0	0	0	0
ASV_7839	1	0	0	0	0
ASV_7854	1	0	0	0	0
ASV_7870	206	0	0	0	0
ASV_7875	23	0	0	0	0
ASV_79	1508	0	0	0	0
ASV_7918	20	0	0	0	0
ASV_798	14	0	0	0	0
ASV_80	2664	0	0	0	7
ASV_8027	8	0	0	0	0
ASV_804	225	0	0	0	0
ASV_8074	46	0	0	0	0
ASV_8100	336	0	0	0	0
ASV_8118	1	0	0	0	0
ASV_816	710	0	0	0	0
ASV_8260	59	0	0	0	0
ASV_829	264	0	0	0	0
ASV_835	400	0	0	0	0
ASV_837	42	0	0	0	0
ASV_8520	5	0	0	0	0
ASV_86	5843	8	0	52	89
ASV_860	1133	0	0	0	0
ASV_861	45	0	0	0	0
ASV_866	10	0	0	0	0
ASV_87	1091	0	0	0	0
ASV_879	293	0	0	0	0
ASV_8887	16	0	0	0	0
ASV_89	22	0	0	0	0
ASV_892	34	0	0	0	0
ASV_8948	43	0	0	0	0
ASV_9	0	0	0	275	0
ASV_90	2972	0	0	0	0
ASV_901	14	0	0	0	0
ASV_9027	1	0	0	0	0
ASV_913	1836	0	17	0	0
ASV_9155	3	0	0	0	0
ASV_921	1792	0	0	0	0
ASV_9268	0	0	12	130	0
ASV_93	272	0	0	0	0
ASV_932	22	0	0	0	0
ASV_933	89	0	0	0	0
ASV_9383	1	0	0	0	0
ASV_943	0	0	70	0	0
ASV_95	2187	0	17	0	0
ASV_950	10	0	0	0	0
ASV_9662	1	0	0	0	0
ASV_9667	0	39	0	0	0
ASV_9668	0	17	28	215	0
ASV_9673	0	0	39	0	0
ASV_9674	0	0	85	0	0
ASV_9676	0	20	16	0	0
ASV_9677	0	14	0	0	0
ASV_9678	0	0	18	71	0
ASV_9685	0	0	0	37	0
ASV_9693	0	0	0	119	0
ASV_9709	0	2	0	0	0
ASV_9732	0	0	0	112	0
ASV_979	5	0	0	0	0
ASV_985	21	0	0	0	0
ASV_9901	0	0	38	0	0
ASV_9916	15	0	0	0	0
ASV_9977	0	0	0	71	0
ASV_9985	0	11	0	297	0
