	F_Day_0_Control_E	O_Day_0_Control_E	F_Day_3_Control_E	O_Day_3_Control_E	F_Day_7_Control_E
ASV_100	0	0	0	0	21
ASV_101	0	0	0	53	12
ASV_10141	0	47	0	0	0
ASV_1026	0	0	34	0	0
ASV_10397	0	3	0	0	0
ASV_104	27	0	96	0	77
ASV_1051	7	0	16	0	0
ASV_10515	0	29	0	0	0
ASV_1056	14	0	113	7	29
ASV_10580	0	58	0	0	0
ASV_106	12	0	100	50	54
ASV_10603	0	10	0	0	0
ASV_10639	0	61	0	0	0
ASV_10685	0	37	0	0	0
ASV_10690	0	0	12	0	0
ASV_107	5	0	30	3	0
ASV_1073	9	0	14	22	0
ASV_108	0	0	0	0	14
ASV_10827	0	46	0	0	0
ASV_1084	14	0	22	0	33
ASV_10858	0	35	0	0	0
ASV_109	33	0	111	0	63
ASV_10914	0	0	13	0	0
ASV_1093	0	4	0	0	0
ASV_11	17	0	80	109	198
ASV_11033	0	18	0	0	0
ASV_11041	0	34	0	0	0
ASV_11073	0	22	0	0	0
ASV_11088	0	0	0	0	2
ASV_111	0	10	0	2	0
ASV_11104	0	28	0	0	0
ASV_11173	0	0	0	0	2
ASV_11213	0	0	1	0	0
ASV_11275	0	0	1	0	0
ASV_11288	0	17	0	0	0
ASV_113	1382	0	696	0	148
ASV_11316	3	0	0	0	0
ASV_11337	0	12	0	0	0
ASV_11338	0	22	0	0	0
ASV_11353	0	0	0	17	0
ASV_1138	19	0	51	0	0
ASV_11460	0	0	0	3	0
ASV_1148	0	0	30	0	0
ASV_115	0	0	146	0	84
ASV_11501	0	0	0	16	0
ASV_11544	0	11	0	0	0
ASV_11556	0	0	0	18	0
ASV_11591	0	7	0	0	0
ASV_116	13	0	37	0	30
ASV_11637	0	0	0	0	2
ASV_11656	0	6	0	0	0
ASV_1169	5	0	0	0	9
ASV_117	0	0	6	0	0
ASV_11722	0	12	0	0	0
ASV_11723	0	9	0	0	0
ASV_11724	0	5	0	0	0
ASV_118	0	0	0	5	0
ASV_11807	0	4	0	0	0
ASV_11808	0	13	0	0	0
ASV_11876	0	0	0	0	3
ASV_11895	0	3	0	0	0
ASV_11896	0	6	0	0	0
ASV_119	252	0	403	6	195
ASV_11963	0	0	0	0	2
ASV_11964	0	0	0	0	2
ASV_11965	0	0	0	0	2
ASV_11976	0	2	0	0	0
ASV_11977	0	2	0	0	0
ASV_11978	0	2	0	0	0
ASV_11979	0	2	0	0	0
ASV_11988	0	0	0	2	0
ASV_11989	0	0	0	2	0
ASV_12054	0	0	5	0	0
ASV_12066	0	19	0	0	0
ASV_12067	0	0	0	19	0
ASV_12090	12	0	0	0	0
ASV_12095	0	0	0	0	7
ASV_121	14	0	531	0	54
ASV_12119	0	8	0	0	0
ASV_1212	0	0	0	9	0
ASV_12155	0	0	0	5	0
ASV_12177	0	4	0	0	0
ASV_12178	0	4	0	0	0
ASV_12183	0	0	0	4	0
ASV_12194	3	0	0	0	0
ASV_12212	0	0	0	3	0
ASV_12213	0	0	0	3	0
ASV_12246	0	2	0	0	0
ASV_12247	0	2	0	0	0
ASV_123	68	0	44	0	0
ASV_124	13	0	0	0	0
ASV_125	0	7	0	0	0
ASV_1258	0	68	0	0	0
ASV_126	9	0	51	0	18
ASV_129	0	0	57	80	0
ASV_1296	0	0	0	0	4
ASV_13	0	260	0	0	0
ASV_130	3	0	371	25	120
ASV_131	0	0	6	0	44
ASV_1364	0	0	22	0	27
ASV_137	28	0	120	70	0
ASV_1392	11	0	57	0	0
ASV_14	12	2087	0	137	0
ASV_140	0	0	27	0	23
ASV_141	7	0	0	0	0
ASV_142	49	0	1226	0	157
ASV_147	0	0	0	0	34
ASV_148	15	0	135	0	19
ASV_149	0	0	40	0	121
ASV_150	7	0	53	24	88
ASV_152	0	0	0	17	6
ASV_1527	0	0	0	0	2
ASV_155	82	4	0	0	0
ASV_156	0	0	15	0	83
ASV_158	8	0	0	23	24
ASV_1587	0	6	0	0	0
ASV_1589	0	16	0	0	0
ASV_161	11	0	75	0	0
ASV_163	0	0	90	0	185
ASV_164	0	0	82	0	0
ASV_1645	0	0	19	15	0
ASV_166	0	0	20	0	16
ASV_1675	0	57	0	0	0
ASV_169	221	0	816	119	317
ASV_17	0	5	164	0	138
ASV_172	0	0	67	9	32
ASV_173	0	14	0	0	0
ASV_174	0	0	116	33	43
ASV_175	0	0	29	0	0
ASV_178	3	0	57	0	53
ASV_1787	0	42	0	0	0
ASV_182	231	0	734	191	320
ASV_1823	0	59	0	24	0
ASV_184	8	0	10	0	159
ASV_186	0	0	0	0	41
ASV_188	59	0	34	0	11
ASV_189	0	0	28	0	26
ASV_191	0	0	22	25	0
ASV_1930	0	0	0	0	6
ASV_2	1616	6853	726	870	408
ASV_2065	0	0	2	0	5
ASV_2075	0	0	0	0	2
ASV_209	0	0	0	0	6
ASV_21	35	0	234	105	708
ASV_210	0	0	0	0	9
ASV_2104	0	6	0	0	0
ASV_2109	0	49	0	0	0
ASV_211	46	0	41	0	4
ASV_213	0	0	0	0	34
ASV_216	50	0	158	13	164
ASV_22	55	0	298	0	224
ASV_220	0	0	33	5	9
ASV_223	0	0	96	0	0
ASV_224	40	0	129	37	70
ASV_225	0	0	111	26	27
ASV_226	10	0	111	70	69
ASV_228	37	0	92	53	158
ASV_231	0	0	91	27	240
ASV_232	77	0	217	21	91
ASV_233	0	0	28	23	17
ASV_237	33	0	166	36	118
ASV_238	0	0	37	0	7
ASV_239	0	0	0	0	5
ASV_240	0	0	29	0	19
ASV_241	0	0	84	0	12
ASV_242	0	58	0	0	0
ASV_247	0	0	11	23	0
ASV_248	0	0	32	9	0
ASV_249	0	0	0	0	35
ASV_25	839	0	2193	22	793
ASV_251	0	0	10	0	10
ASV_252	0	0	0	0	30
ASV_253	9	0	0	0	0
ASV_2598	0	24	0	7	0
ASV_26	713	0	452	39	88
ASV_263	0	0	5	0	0
ASV_2639	0	0	22	0	27
ASV_264	15	0	93	0	0
ASV_265	0	0	22	0	63
ASV_266	16	0	158	52	301
ASV_269	0	0	0	13	0
ASV_27	64	0	1503	0	49
ASV_271	0	0	0	7	0
ASV_274	0	4	33	39	56
ASV_276	0	0	0	4	0
ASV_2777	0	0	83	0	7
ASV_278	3	0	16	14	87
ASV_280	0	0	0	12	147
ASV_281	5	0	0	0	4
ASV_283	25	0	1036	188	935
ASV_29	0	0	32	9	4
ASV_2910	0	0	0	22	0
ASV_292	0	0	4	0	56
ASV_2942	6	0	0	0	10
ASV_296	0	0	37	16	5
ASV_299	0	0	102	229	108
ASV_30	685	35	690	52	1115
ASV_301	0	0	4	0	4
ASV_302	0	70	0	0	0
ASV_304	11	0	90	26	42
ASV_306	0	0	0	0	6
ASV_3069	0	61	0	0	0
ASV_307	18	0	0	0	0
ASV_312	0	0	0	47	0
ASV_3141	0	33	0	0	0
ASV_32	3	0	3	0	34
ASV_320	0	0	97	0	60
ASV_323	0	0	0	8	0
ASV_3245	0	19	0	0	0
ASV_326	0	0	33	0	0
ASV_327	0	0	0	0	7
ASV_329	23	0	0	0	0
ASV_33	71	2930	11	30	23
ASV_332	9	37	98	45	0
ASV_335	0	0	19	10	32
ASV_3355	0	0	0	2	0
ASV_336	0	0	26	0	30
ASV_337	138	0	0	22	27
ASV_338	0	0	61	0	0
ASV_344	0	0	0	26	137
ASV_350	19	0	23	5	0
ASV_3504	0	10	0	11	0
ASV_356	11	0	149	77	150
ASV_357	0	0	15	0	24
ASV_3597	44	0	518	187	265
ASV_36	16	0	11	0	0
ASV_360	46	3	194	504	1003
ASV_3600	44	0	361	0	16
ASV_3607	8	252	0	204	0
ASV_361	7	0	0	0	20
ASV_3613	4	0	8	0	10
ASV_3618	0	0	17	0	0
ASV_3621	0	0	0	0	4
ASV_3622	25	0	159	48	3
ASV_3630	0	0	0	0	28
ASV_3646	0	0	0	0	2
ASV_3650	0	21	0	15	0
ASV_3657	0	0	1	0	0
ASV_366	0	0	0	10	0
ASV_367	0	0	0	18	0
ASV_369	336	0	28	0	22
ASV_37	3	0	33	0	43
ASV_370	0	0	17	0	6
ASV_3703	0	0	1	0	0
ASV_371	0	0	0	12	25
ASV_3715	0	0	0	3	0
ASV_3718	42	0	92	14	88
ASV_372	0	0	0	5	3
ASV_374	0	370	0	8	0
ASV_3750	0	0	0	0	2
ASV_3763	0	97	0	0	0
ASV_377	0	7	0	0	0
ASV_3799	8	0	0	0	0
ASV_380	96	0	27	0	0
ASV_382	0	0	41	0	4
ASV_3826	0	2	0	0	0
ASV_3857	0	41	0	0	0
ASV_3870	0	0	3	0	0
ASV_39	0	0	13	0	6
ASV_3918	12	0	67	0	15
ASV_3921	0	80	0	0	0
ASV_3930	0	0	128	38	108
ASV_3941	0	0	170	18	132
ASV_3960	72	0	87	0	152
ASV_3975	0	0	5	0	4
ASV_3987	30	0	74	12	45
ASV_399	0	0	6	0	0
ASV_4	13655	427	17314	967	3939
ASV_400	0	0	32	16	15
ASV_4018	12	0	98	184	138
ASV_4066	0	0	0	14	0
ASV_409	261	0	157	0	0
ASV_41	0	247	0	19	0
ASV_413	0	64	0	0	0
ASV_4156	0	0	10	0	0
ASV_4174	9	0	0	0	8
ASV_42	46	0	65	26	267
ASV_4218	0	2	0	0	0
ASV_43	0	0	0	0	28
ASV_4386	2	0	0	19	0
ASV_439	3	0	368	0	44
ASV_441	0	0	0	0	5
ASV_4434	3	0	20	20	0
ASV_4458	0	0	4	0	11
ASV_45	3	9	2	0	0
ASV_453	0	0	7	0	6
ASV_454	0	25	0	0	0
ASV_46	0	0	72	0	46
ASV_460	7	0	482	13	19
ASV_461	0	0	0	0	43
ASV_4620	7	0	0	0	0
ASV_4637	0	21	0	0	0
ASV_466	0	0	24	5	5
ASV_467	0	0	0	8	0
ASV_471	110	0	106	0	19
ASV_473	0	20	0	0	0
ASV_48	1193	0	502	204	237
ASV_481	23	0	237	20	32
ASV_486	0	0	57	26	42
ASV_49	14	0	21	0	61
ASV_4911	0	5	0	16	0
ASV_4994	3	0	7	0	0
ASV_50	65	0	124	74	147
ASV_501	0	5	0	0	0
ASV_505	347	0	1109	42	5
ASV_511	45	0	60	0	61
ASV_519	0	0	45	7	84
ASV_528	0	18	0	0	0
ASV_5292	0	0	0	0	3
ASV_53	0	175	0	36	0
ASV_534	12	0	63	26	41
ASV_539	0	0	260	0	0
ASV_54	160	0	271	0	140
ASV_544	0	0	0	0	8
ASV_547	11	0	0	0	0
ASV_55	33	0	148	4	25
ASV_552	16	0	248	11	10
ASV_5599	0	0	0	0	3
ASV_5600	0	0	2	0	0
ASV_5606	12	0	0	0	15
ASV_5657	0	0	0	8	0
ASV_566	50	0	37	0	9
ASV_5675	0	39	0	0	0
ASV_568	0	0	28	28	66
ASV_57	4	0	0	0	8
ASV_5711	4	0	4	0	11
ASV_572	22	0	231	0	24
ASV_578	135	0	1361	22	607
ASV_5782	0	0	0	0	11
ASV_580	18	0	132	0	45
ASV_581	0	0	0	8	0
ASV_5876	0	11	0	4	0
ASV_588	0	0	7	0	0
ASV_5888	0	8	0	0	0
ASV_5986	1	0	4	1	1
ASV_604	9	0	98	0	82
ASV_6045	0	0	0	7	0
ASV_6137	0	6	0	0	0
ASV_615	0	9	0	0	0
ASV_6182	0	0	0	4	0
ASV_6235	0	10	0	0	0
ASV_64	6	0	22	11	24
ASV_647	0	0	17	0	5
ASV_648	0	0	133	0	0
ASV_6536	0	0	0	12	0
ASV_654	6	0	4	0	0
ASV_655	0	0	0	0	20
ASV_656	0	79	0	5	0
ASV_658	0	0	0	0	127
ASV_659	0	18	0	0	0
ASV_661	0	13	0	0	0
ASV_663	0	0	0	0	11
ASV_67	21	0	47	20	39
ASV_68	27	0	8	0	0
ASV_683	29	0	0	0	0
ASV_6863	4	24	0	3	0
ASV_69	17	0	173	0	100
ASV_7	433	17	1506	79	85
ASV_70	23	0	73	0	8
ASV_706	0	0	17	0	0
ASV_71	42	0	71	9	51
ASV_719	0	0	24	0	91
ASV_73	0	0	122	8	0
ASV_7301	0	127	0	0	0
ASV_7395	0	55	0	0	0
ASV_740	0	0	8	0	0
ASV_75	0	23	0	0	0
ASV_750	5	0	10	0	0
ASV_756	33	0	126	7	50
ASV_76	45	0	106	92	63
ASV_765	0	0	18	0	0
ASV_77	0	0	52	0	0
ASV_7704	0	0	5	0	0
ASV_771	0	0	0	36	0
ASV_7765	0	0	28	0	0
ASV_7766	3861	132	5404	214	1293
ASV_7767	0	0	110	22	31
ASV_7779	6	0	36	0	6
ASV_779	38	0	339	0	25
ASV_7794	10	0	0	0	0
ASV_7798	0	0	0	0	5
ASV_7799	0	0	44	0	42
ASV_782	0	64	0	0	0
ASV_7835	6	0	0	0	0
ASV_7837	0	0	0	7	4
ASV_79	16	0	22	0	84
ASV_7918	0	0	9	0	0
ASV_7937	29	0	0	0	0
ASV_7962	0	0	0	6	0
ASV_80	12	0	594	8	323
ASV_804	15	0	12	0	17
ASV_812	0	0	6	0	0
ASV_816	0	0	70	0	0
ASV_8229	0	0	4	0	0
ASV_8260	0	0	0	0	5
ASV_829	7	0	11	0	39
ASV_835	7	0	36	32	50
ASV_8411	0	0	0	3	0
ASV_8424	0	0	0	0	1
ASV_8520	0	0	1	0	0
ASV_8556	33	0	0	0	0
ASV_86	669	7	17	7	3
ASV_8638	0	0	0	0	1
ASV_864	0	23	0	0	0
ASV_866	0	0	17	0	0
ASV_87	17	0	71	10	29
ASV_8755	0	0	0	0	4
ASV_8764	0	0	1	0	2
ASV_879	0	0	0	0	23
ASV_892	0	0	0	0	24
ASV_90	0	0	86	0	14
ASV_9027	0	0	2	0	0
ASV_9098	0	0	0	6	0
ASV_913	24	0	382	0	190
ASV_921	26	0	354	0	151
ASV_9268	0	5	0	6	0
ASV_93	0	0	26	0	8
ASV_932	0	0	0	0	6
ASV_933	0	0	0	13	16
ASV_943	0	0	0	10	0
ASV_95	381	6	828	4	503
ASV_950	0	0	13	0	0
ASV_959	0	19	0	0	0
ASV_9667	5	75	0	40	0
ASV_9668	0	20	0	27	0
ASV_9669	0	0	0	10	0
ASV_9674	0	31	0	0	0
ASV_9676	0	2	0	0	0
ASV_9677	0	0	0	6	0
ASV_9678	0	0	0	20	0
ASV_9684	0	4	0	0	0
ASV_9711	0	2	0	0	0
ASV_9721	0	0	0	5	0
ASV_9790	0	52	0	0	0
ASV_98	4	0	42	9	0
ASV_9822	0	16	0	0	0
ASV_985	0	0	0	0	9
ASV_9856	0	53	0	0	0
ASV_9916	14	0	0	0	0
ASV_9997	0	27	0	0	0
