	F_Day_0_Abx_E	O_Day_0_Abx_E	O_Day_3_Abx_E	F_Day_7_Abx_E	O_Day_7_Abx_E	F_Day_3_Abx_E
ASV_10	62	0	0	0	0	0
ASV_100	60	0	0	0	0	0
ASV_10000	0	0	0	0	146	0
ASV_10009	0	98	0	0	0	0
ASV_10011	0	0	0	0	0	54
ASV_10065	0	137	0	0	0	0
ASV_10076	0	252	0	0	0	0
ASV_10082	0	251	0	0	0	0
ASV_101	46	0	0	0	0	0
ASV_10129	0	90	0	0	122	0
ASV_10134	2	0	0	0	0	0
ASV_10139	0	0	0	0	0	1
ASV_10156	0	0	23	0	0	0
ASV_10165	0	219	0	0	0	0
ASV_10170	0	0	0	0	0	79
ASV_10172	0	5	0	0	0	0
ASV_10176	0	186	0	0	0	0
ASV_10187	0	182	0	0	0	0
ASV_10202	0	163	0	0	0	0
ASV_10209	0	130	0	0	0	0
ASV_10221	0	0	0	0	0	31
ASV_10253	0	63	0	0	0	0
ASV_1026	7	0	0	0	0	0
ASV_10264	0	146	0	0	0	0
ASV_10277	0	0	65	0	0	0
ASV_10282	0	162	0	0	0	0
ASV_10291	0	63	0	0	0	0
ASV_10292	0	67	0	0	0	0
ASV_10295	0	103	0	0	0	0
ASV_10311	0	154	0	0	0	0
ASV_10323	0	0	0	0	0	146
ASV_10332	0	0	0	0	0	8
ASV_10337	0	12	34	0	0	0
ASV_10338	0	133	0	0	0	0
ASV_10339	0	74	62	0	0	0
ASV_10341	0	0	0	0	0	160
ASV_10357	0	131	0	0	0	0
ASV_10381	0	135	0	0	0	0
ASV_10386	0	119	0	0	0	0
ASV_104	391	0	0	17	0	226
ASV_10402	0	114	0	0	0	0
ASV_10408	0	65	0	0	0	0
ASV_10415	0	0	0	0	0	64
ASV_10433	0	0	0	0	0	1
ASV_10437	0	130	0	0	0	0
ASV_10467	0	110	0	0	0	0
ASV_10468	0	16	0	0	0	0
ASV_10472	0	2	0	0	0	0
ASV_10473	0	98	0	0	0	0
ASV_1048	0	50	0	0	0	0
ASV_10490	0	0	0	0	0	109
ASV_10498	0	97	0	0	0	0
ASV_10513	0	0	5	0	0	0
ASV_10514	0	52	0	0	0	0
ASV_10515	0	54	0	0	0	0
ASV_10524	0	99	0	0	0	0
ASV_10525	0	51	0	0	0	0
ASV_10526	0	105	0	0	0	0
ASV_10527	0	84	0	0	15	0
ASV_10534	0	0	0	0	0	81
ASV_10535	0	0	0	0	0	77
ASV_10536	0	0	0	0	0	86
ASV_10538	0	81	0	0	0	0
ASV_10539	0	50	0	0	0	0
ASV_10541	0	0	20	0	0	0
ASV_10548	0	0	0	0	0	74
ASV_10549	0	78	0	0	0	0
ASV_10559	0	0	0	0	0	80
ASV_1056	190	0	0	0	0	143
ASV_10570	0	0	0	0	0	79
ASV_10571	0	0	0	0	0	66
ASV_10572	0	0	0	0	0	91
ASV_10578	0	46	0	0	0	0
ASV_10585	0	18	0	0	0	0
ASV_10586	0	0	0	0	0	45
ASV_10589	0	74	0	0	0	0
ASV_10598	0	79	0	0	0	0
ASV_106	96	0	0	4	0	127
ASV_10603	0	0	0	0	0	16
ASV_10621	0	0	0	0	0	76
ASV_10622	0	0	0	0	0	72
ASV_10627	0	79	0	0	0	0
ASV_10632	0	0	0	0	0	70
ASV_10635	0	74	0	0	0	0
ASV_10636	0	76	0	0	0	0
ASV_10637	0	69	0	0	0	0
ASV_10638	0	68	0	0	0	0
ASV_10657	0	8	0	0	0	25
ASV_10660	0	76	0	0	0	0
ASV_10669	8	0	0	0	0	0
ASV_10674	0	0	0	0	0	58
ASV_10675	0	0	0	0	0	60
ASV_10676	0	0	0	0	0	75
ASV_10677	0	0	0	0	0	61
ASV_10681	0	37	0	0	0	0
ASV_10693	0	0	0	0	0	63
ASV_107	19	0	0	0	0	0
ASV_10711	0	64	0	0	0	0
ASV_10725	0	0	0	0	0	61
ASV_10726	0	0	0	0	0	51
ASV_10727	0	0	0	0	0	51
ASV_1073	13	0	0	0	0	0
ASV_10752	2	0	0	0	0	4
ASV_10756	0	0	0	0	0	17
ASV_10757	0	0	0	0	0	58
ASV_10759	0	62	0	0	0	0
ASV_10768	0	0	0	0	0	63
ASV_10772	0	60	0	0	0	0
ASV_10773	0	58	0	0	0	0
ASV_10775	0	31	0	0	0	0
ASV_10776	0	31	0	0	0	0
ASV_1078	0	0	7	0	0	0
ASV_10782	0	0	59	0	0	0
ASV_1079	0	0	0	0	0	36
ASV_10793	0	0	0	0	0	53
ASV_10794	0	0	0	0	0	30
ASV_10800	0	60	0	0	0	0
ASV_10801	0	55	0	0	0	0
ASV_10802	0	47	0	0	0	0
ASV_10806	0	0	49	0	0	0
ASV_10807	0	0	34	0	0	0
ASV_10824	0	0	0	0	0	50
ASV_10825	0	0	0	0	0	44
ASV_10826	0	44	0	0	0	0
ASV_10832	0	0	0	0	58	0
ASV_10833	0	0	0	0	0	39
ASV_1084	46	0	0	0	0	89
ASV_10841	0	0	0	0	0	51
ASV_10842	0	0	0	0	0	42
ASV_10845	0	52	0	0	0	0
ASV_10846	0	50	0	0	0	0
ASV_10850	0	0	20	0	0	0
ASV_10862	0	39	0	0	0	0
ASV_10863	0	49	0	0	0	0
ASV_10864	0	60	0	0	0	0
ASV_10866	0	15	0	0	0	0
ASV_10888	0	0	0	0	0	47
ASV_10894	0	26	0	0	0	0
ASV_10896	0	47	0	0	0	0
ASV_10898	0	46	0	0	0	0
ASV_109	118	0	27	133	0	2475
ASV_10921	0	25	0	0	0	0
ASV_10922	0	46	0	0	0	0
ASV_10923	0	25	0	0	0	0
ASV_10925	0	53	0	0	0	0
ASV_10943	0	0	0	0	0	48
ASV_10944	0	0	0	0	0	45
ASV_10945	0	0	0	0	0	41
ASV_10946	0	0	0	0	0	41
ASV_10947	0	0	0	0	0	44
ASV_10948	0	0	0	0	0	24
ASV_10949	0	0	0	0	0	44
ASV_10950	0	0	0	0	0	22
ASV_10966	0	0	0	0	0	47
ASV_10967	0	0	0	0	0	37
ASV_10968	0	0	0	0	0	36
ASV_10969	0	0	0	0	0	33
ASV_10970	0	0	0	0	0	31
ASV_10971	0	0	0	0	0	23
ASV_10976	0	46	0	0	0	0
ASV_10977	0	36	0	0	0	0
ASV_10980	0	35	0	0	0	0
ASV_10995	0	0	0	0	0	44
ASV_10996	0	0	0	0	0	44
ASV_10998	0	0	0	0	0	22
ASV_11	83	9	0	24	0	1625
ASV_110	0	0	0	0	0	66
ASV_11003	0	48	0	0	0	0
ASV_11006	0	52	0	0	0	0
ASV_11007	0	41	0	0	0	0
ASV_1101	0	0	0	0	0	49
ASV_11022	9	0	0	0	0	0
ASV_11027	0	0	0	0	0	11
ASV_11028	0	0	0	0	0	43
ASV_11029	0	0	0	0	0	32
ASV_11030	0	0	0	0	0	21
ASV_11036	0	38	0	0	0	0
ASV_11037	0	30	0	0	0	0
ASV_11051	0	0	0	0	48	0
ASV_11061	0	0	0	0	0	29
ASV_11062	0	0	0	0	0	36
ASV_11063	0	0	0	0	0	38
ASV_11069	0	40	0	0	0	0
ASV_11070	0	42	0	0	0	0
ASV_11077	0	0	33	0	0	0
ASV_11078	0	0	38	0	0	0
ASV_11088	4	0	0	0	0	4
ASV_11094	0	0	0	0	0	30
ASV_11095	0	0	0	0	0	41
ASV_11098	0	30	0	0	0	0
ASV_111	0	193	8	0	0	0
ASV_11100	0	5	0	0	0	0
ASV_11123	0	0	0	0	0	18
ASV_11124	0	0	0	0	0	31
ASV_11125	0	0	0	0	0	34
ASV_11129	0	31	0	0	0	0
ASV_11131	0	31	0	0	0	0
ASV_11141	0	0	0	0	23	0
ASV_11152	0	34	0	0	0	0
ASV_11153	0	42	0	0	0	0
ASV_11177	0	0	0	0	0	24
ASV_11178	0	0	0	0	0	23
ASV_11179	0	0	0	0	0	22
ASV_11181	0	32	0	0	0	0
ASV_11183	0	32	0	0	0	0
ASV_11184	0	9	0	0	7	0
ASV_11217	0	0	0	0	0	34
ASV_11222	0	30	0	0	0	0
ASV_11223	0	36	0	0	0	0
ASV_11231	0	0	29	0	0	0
ASV_11232	0	0	26	0	0	0
ASV_11245	0	0	0	0	0	14
ASV_11246	0	0	0	0	0	24
ASV_11248	0	0	0	0	0	24
ASV_11250	0	14	0	0	0	0
ASV_11260	0	0	33	0	0	0
ASV_11273	0	0	0	0	0	18
ASV_11274	0	0	0	0	0	13
ASV_11275	2	0	0	0	0	0
ASV_11283	0	29	0	0	0	0
ASV_113	1048	0	0	31	0	561
ASV_11302	0	0	26	0	0	0
ASV_11321	0	0	0	0	0	23
ASV_11322	0	0	0	0	0	21
ASV_11323	0	0	0	0	0	18
ASV_11324	0	0	0	0	0	19
ASV_11370	0	0	14	0	0	0
ASV_11371	0	0	0	0	0	24
ASV_11379	0	0	2	0	0	0
ASV_1138	43	0	0	0	0	148
ASV_11380	0	24	0	0	0	0
ASV_11383	0	11	0	0	0	0
ASV_11395	0	0	16	0	0	0
ASV_11418	0	0	0	0	0	22
ASV_11427	0	24	0	0	0	0
ASV_11428	0	10	0	0	0	0
ASV_11429	0	18	0	0	0	0
ASV_11430	0	21	0	0	0	0
ASV_11461	0	0	0	0	0	14
ASV_11462	0	0	0	0	0	21
ASV_11463	0	0	0	0	0	23
ASV_11464	0	0	0	0	0	18
ASV_11469	0	9	0	0	0	0
ASV_115	181	0	0	0	0	79
ASV_1150	0	44	0	0	0	0
ASV_11524	0	0	0	0	0	16
ASV_11532	0	12	0	0	0	0
ASV_11533	0	14	0	0	0	0
ASV_11561	0	0	0	0	14	0
ASV_11578	0	0	0	0	0	20
ASV_11579	0	0	0	0	0	16
ASV_11586	0	15	0	0	0	0
ASV_11598	0	0	14	0	0	0
ASV_11599	0	0	11	0	0	0
ASV_116	108	0	0	20	0	547
ASV_11600	0	0	17	0	0	0
ASV_11601	0	0	12	0	0	0
ASV_11637	0	0	0	4	0	0
ASV_11644	0	10	0	0	0	0
ASV_11645	0	6	0	0	0	0
ASV_11646	0	6	0	0	0	0
ASV_11663	0	0	11	0	0	0
ASV_11664	0	0	6	0	0	0
ASV_11679	0	0	0	0	11	0
ASV_11680	0	0	0	0	10	0
ASV_11681	0	0	0	0	10	0
ASV_1169	0	0	0	0	0	2
ASV_11693	5	0	0	0	0	0
ASV_117	0	0	0	0	0	52
ASV_11702	0	0	0	0	0	10
ASV_11703	0	0	0	0	0	5
ASV_11704	0	0	0	0	0	5
ASV_11712	0	5	0	0	0	0
ASV_11714	0	10	0	0	0	0
ASV_11715	0	8	0	0	0	0
ASV_11730	0	0	12	0	0	0
ASV_11759	0	0	0	0	5	0
ASV_11760	0	0	0	0	7	0
ASV_1178	0	0	0	2	0	0
ASV_11795	0	10	0	0	0	0
ASV_11796	0	4	0	0	0	0
ASV_11797	0	4	0	0	0	0
ASV_118	0	0	0	0	0	96
ASV_11822	0	0	10	0	0	0
ASV_11823	0	0	11	0	0	0
ASV_11824	0	0	4	0	0	0
ASV_11839	0	0	0	0	4	0
ASV_11854	6	0	0	0	0	0
ASV_11862	0	0	0	0	0	3
ASV_11863	0	0	0	0	0	3
ASV_11864	0	0	0	0	0	10
ASV_11875	0	0	0	3	0	0
ASV_11883	0	3	0	0	0	0
ASV_119	575	0	0	12	7	6933
ASV_11942	2	0	0	0	0	0
ASV_11952	0	0	0	0	0	2
ASV_11969	0	2	0	0	0	0
ASV_12031	0	0	0	0	1	0
ASV_12043	0	0	0	0	0	22
ASV_12045	0	0	0	0	0	47
ASV_12052	0	0	0	0	0	31
ASV_12054	1	0	0	0	0	0
ASV_12056	0	0	0	0	0	13
ASV_12063	0	20	0	0	0	0
ASV_12073	0	0	0	0	0	16
ASV_12096	0	0	0	0	0	11
ASV_12099	0	10	0	0	0	0
ASV_121	0	0	0	5	0	108
ASV_1212	0	6	162	0	38	185
ASV_12136	0	0	0	0	0	6
ASV_12170	0	4	0	0	0	0
ASV_12171	0	4	0	0	0	0
ASV_12184	0	0	0	0	4	0
ASV_1225	0	0	0	0	0	5
ASV_12266	1	0	0	0	0	0
ASV_12267	1	0	0	0	0	0
ASV_12268	1	0	0	0	0	0
ASV_12286	0	1	0	0	0	0
ASV_12287	0	1	0	0	0	0
ASV_124	445	14	0	28	0	402
ASV_125	0	301	30	0	0	53
ASV_1258	0	213	48	0	0	0
ASV_126	61	0	0	7	0	0
ASV_129	166	0	0	26	0	423
ASV_13	0	1763	172	23	0	7057
ASV_130	513	0	0	8	0	105
ASV_131	27	0	0	10	0	0
ASV_1318	0	55	44	0	0	0
ASV_1324	0	95	0	0	13	0
ASV_1364	23	0	0	0	0	141
ASV_137	20	0	0	0	0	47
ASV_1394	0	0	0	0	0	52
ASV_14	8	14481	710	133	254	29176
ASV_140	112	0	0	0	0	0
ASV_141	0	594	0	0	0	0
ASV_142	122	0	0	29	0	846
ASV_146	0	0	0	0	0	104
ASV_147	126	0	0	18	0	465
ASV_148	108	0	0	16	0	210
ASV_149	0	0	0	0	0	515
ASV_150	53	0	0	0	0	13
ASV_1511	0	63	0	0	0	0
ASV_152	17	0	0	0	0	41
ASV_1527	2	0	0	0	0	0
ASV_155	206	0	0	0	0	63
ASV_156	20	0	0	3	0	0
ASV_158	20	0	0	0	0	107
ASV_159	0	29	0	0	0	0
ASV_161	0	0	0	9	0	139
ASV_162	100	0	0	0	0	0
ASV_163	0	0	0	0	0	25
ASV_164	16	0	0	0	0	0
ASV_166	28	0	0	0	0	0
ASV_1670	0	0	0	0	0	121
ASV_168	0	0	0	0	0	36
ASV_169	192	0	0	23	12	369
ASV_17	133	0	0	0	0	0
ASV_1707	0	146	0	0	0	34
ASV_1709	0	159	0	0	0	0
ASV_1718	0	0	0	0	0	31
ASV_172	83	0	0	25	0	184
ASV_1736	0	0	0	4	0	0
ASV_174	11	0	0	0	0	24
ASV_175	130	0	31	0	0	59
ASV_177	0	0	0	0	0	22
ASV_178	67	0	0	6	0	83
ASV_1784	0	0	17	0	0	0
ASV_1787	0	206	0	0	0	0
ASV_179	16	8	0	0	0	0
ASV_180	0	22	12	0	0	26
ASV_1801	0	0	0	0	0	379
ASV_181	0	0	0	0	0	48
ASV_1814	0	112	0	0	0	0
ASV_182	193	0	0	45	0	288
ASV_1823	0	811	171	18	0	1732
ASV_184	1145	0	0	10	0	1123
ASV_1849	0	97	0	0	0	0
ASV_185	0	0	0	0	0	123
ASV_186	0	0	0	0	0	105
ASV_187	0	0	0	0	6	616
ASV_1877	0	0	0	0	0	243
ASV_188	181	0	0	4	0	97
ASV_189	74	0	0	0	0	303
ASV_1899	0	92	0	0	0	0
ASV_1903	0	0	0	0	0	77
ASV_191	0	0	0	0	0	43
ASV_1912	0	0	8	0	0	48
ASV_1919	0	0	0	0	0	35
ASV_1930	1	0	0	0	0	0
ASV_1962	0	9	0	0	0	0
ASV_1978	0	21	0	0	0	0
ASV_2	1569	1939	50	139	32	7246
ASV_2009	99	0	0	16	0	182
ASV_201	0	16	0	0	0	0
ASV_203	0	61	0	0	0	80
ASV_2065	19	0	0	0	0	0
ASV_208	0	55	5	0	0	0
ASV_2082	0	0	34	0	0	0
ASV_209	6	0	0	0	0	45
ASV_21	29	0	9	182	24	2929
ASV_210	40	0	0	0	0	102
ASV_2104	0	140	0	0	0	0
ASV_2109	0	57	0	0	0	559
ASV_211	1228	0	0	0	6	153
ASV_212	91	0	0	0	0	0
ASV_213	20	0	0	0	0	0
ASV_215	0	0	0	0	0	9
ASV_216	250	0	0	34	0	59
ASV_2170	0	0	0	0	0	36
ASV_2188	0	0	56	0	0	0
ASV_22	324	0	0	0	0	30
ASV_220	4	0	0	0	0	0
ASV_223	0	85	0	0	0	72
ASV_224	116	0	0	34	0	265
ASV_225	54	0	0	0	0	102
ASV_226	28	0	0	3	0	0
ASV_227	0	0	0	0	0	43
ASV_228	203	0	0	34	0	54
ASV_2307	7	0	0	0	0	103
ASV_2309	8	0	0	12	0	1
ASV_231	7	0	0	0	0	248
ASV_232	509	0	0	20	0	130
ASV_233	38	0	0	4	0	0
ASV_234	0	0	0	0	0	54
ASV_236	0	0	0	0	0	90
ASV_237	206	0	0	18	0	812
ASV_238	7	0	0	0	0	46
ASV_24	0	128	0	0	0	163
ASV_240	72	0	0	0	0	160
ASV_241	113	0	0	5	0	50
ASV_242	0	113	64	0	0	24
ASV_2420	0	1790	0	0	64	88
ASV_247	35	0	0	0	0	0
ASV_248	39	0	0	0	0	0
ASV_25	2517	0	0	73	0	1472
ASV_251	17	0	0	0	0	62
ASV_252	51	0	0	0	0	61
ASV_253	3	0	0	7	0	26
ASV_255	0	34	0	0	0	0
ASV_256	39	0	0	0	0	100
ASV_2596	0	291	29	0	0	0
ASV_2598	0	306	33	0	0	0
ASV_26	914	88	63	31	0	482
ASV_2607	0	0	0	0	0	52
ASV_263	6	0	0	0	0	0
ASV_264	17	0	0	0	0	294
ASV_2651	0	46	0	0	0	0
ASV_266	65	0	0	59	25	670
ASV_2660	0	0	0	0	0	53
ASV_268	0	132	0	0	0	54
ASV_269	0	0	0	0	0	825
ASV_2699	0	0	33	0	0	14
ASV_27	522	0	16	188	0	9455
ASV_272	17	0	0	0	0	0
ASV_274	88	0	0	23	0	70
ASV_275	21	0	0	0	0	104
ASV_276	0	0	0	0	0	21
ASV_277	8	0	0	0	0	0
ASV_2777	2880	0	0	43	0	1553
ASV_278	0	0	0	0	0	65
ASV_2787	53	0	0	0	0	0
ASV_2791	0	0	29	0	0	0
ASV_280	0	0	0	0	0	498
ASV_281	0	0	0	34	0	524
ASV_283	19	0	34	26	0	5
ASV_285	0	54	0	0	0	0
ASV_2867	0	25	0	0	0	0
ASV_288	11	0	0	0	0	0
ASV_2881	0	0	0	0	3	0
ASV_2892	0	0	0	0	0	311
ASV_29	16	0	0	3	0	0
ASV_292	12	0	0	4	12	208
ASV_2942	48	0	0	6	0	47
ASV_296	39	0	0	0	0	11
ASV_299	7	0	0	0	0	33
ASV_30	2407	0	0	93	0	715
ASV_300	0	0	0	0	0	149
ASV_301	5	0	0	0	0	0
ASV_302	0	165	60	0	0	62
ASV_303	0	16	0	0	0	38
ASV_304	129	0	0	0	0	138
ASV_3057	0	0	0	0	0	64
ASV_3069	0	170	0	0	32	0
ASV_3087	0	0	0	0	0	46
ASV_309	0	0	0	0	0	23
ASV_31	600	0	0	33	0	62
ASV_3100	17	0	0	0	0	0
ASV_3105	0	0	0	0	44	0
ASV_311	0	0	0	0	0	38
ASV_312	0	0	0	0	0	15
ASV_3141	0	22	0	0	0	49
ASV_315	0	60	0	0	0	0
ASV_32	10	0	0	3	0	0
ASV_320	144	0	0	20	0	24
ASV_323	0	0	0	0	0	40
ASV_3241	0	0	0	0	0	50
ASV_3253	0	0	0	0	0	17
ASV_327	0	0	0	0	0	24
ASV_3291	0	92	0	0	0	0
ASV_33	32	5726	14	156	17	77
ASV_332	33	0	0	0	0	84
ASV_335	27	0	0	0	0	55
ASV_336	20	0	0	0	0	0
ASV_337	468	0	0	0	0	287
ASV_3372	426	0	0	0	0	54
ASV_338	50	0	0	0	0	183
ASV_3381	0	279	0	0	0	0
ASV_340	0	0	0	0	0	61
ASV_341	0	28	0	0	0	0
ASV_342	142	0	0	0	0	141
ASV_343	0	22	0	0	0	29
ASV_344	0	0	0	0	0	392
ASV_348	0	0	0	0	0	79
ASV_350	0	0	0	8	0	0
ASV_3504	0	21	0	0	0	0
ASV_352	0	68	0	0	0	0
ASV_355	0	24	0	0	4	9
ASV_356	42	0	0	0	0	142
ASV_357	33	0	0	0	0	0
ASV_358	0	102	35	0	0	71
ASV_3597	420	0	0	30	4	651
ASV_36	224	0	0	46	0	127
ASV_360	58	0	0	15	0	272
ASV_3600	59	0	0	0	0	0
ASV_3605	0	0	0	0	0	409
ASV_3607	0	102	305	15	21	556
ASV_3609	0	2	0	0	0	0
ASV_361	113	0	0	0	0	0
ASV_3613	10	0	0	0	0	0
ASV_3618	15	0	0	0	0	0
ASV_3621	33	0	0	0	0	60
ASV_3622	0	0	0	0	0	105
ASV_3646	0	0	0	0	0	10
ASV_365	18	0	0	0	0	28
ASV_3650	0	143	106	12	29	125
ASV_3657	4	0	0	0	0	0
ASV_3659	0	0	0	0	0	78
ASV_366	0	18	0	0	0	0
ASV_367	0	379	0	0	0	0
ASV_369	0	0	0	10	0	0
ASV_37	18	0	0	3	0	426
ASV_371	8	0	0	0	0	82
ASV_3718	1848	0	0	79	0	379
ASV_3719	0	54	0	0	0	0
ASV_372	18	0	0	0	0	208
ASV_3739	0	0	189	0	0	112
ASV_374	0	2039	0	0	0	236
ASV_375	0	33	0	0	0	0
ASV_3750	1	0	0	0	0	0
ASV_3763	0	52	18	0	0	0
ASV_377	0	0	0	0	0	8
ASV_3785	0	73	0	0	0	0
ASV_3793	0	0	0	0	0	25
ASV_380	0	0	0	0	0	366
ASV_382	3	0	0	0	0	68
ASV_385	0	0	0	0	0	82
ASV_3867	3	0	0	0	0	0
ASV_389	0	100	0	0	0	354
ASV_39	6	154	0	0	0	0
ASV_390	0	18	0	0	0	0
ASV_3913	0	118	27	0	0	0
ASV_3918	46	0	0	0	0	50
ASV_3921	0	0	0	0	0	50
ASV_3930	134	0	0	0	0	0
ASV_3941	147	0	0	0	0	42
ASV_3960	1886	0	0	14	0	621
ASV_3964	0	27	0	0	0	0
ASV_3965	0	0	0	0	0	199
ASV_3971	0	115	0	0	0	0
ASV_3975	7	0	0	1	0	0
ASV_3987	114	0	0	16	0	68
ASV_399	0	0	0	0	0	25
ASV_3999	0	22	0	0	0	0
ASV_4	16715	509	187	794	216	10692
ASV_40	0	0	0	25	0	142
ASV_400	0	0	0	0	0	60
ASV_4018	102	0	0	20	0	312
ASV_402	0	0	6	0	0	0
ASV_403	0	35	0	0	0	0
ASV_4032	0	0	0	3	0	237
ASV_4079	0	84	0	0	0	0
ASV_408	239	0	0	0	0	0
ASV_4086	0	0	0	0	0	78
ASV_409	85	66	0	8	0	251
ASV_41	0	1631	191	0	8	332
ASV_410	0	79	0	0	0	0
ASV_411	0	0	37	0	0	0
ASV_413	0	92	0	0	4	136
ASV_4138	0	168	0	0	0	2972
ASV_414	0	67	0	0	0	0
ASV_4156	46	0	0	0	0	66
ASV_416	0	22	0	0	0	0
ASV_417	0	56	0	0	0	83
ASV_4174	1	0	0	0	0	0
ASV_418	0	0	0	0	0	15
ASV_4181	0	0	73	0	0	79
ASV_419	0	34	0	0	0	0
ASV_42	22	0	0	14	0	56
ASV_421	0	19	0	0	21	1622
ASV_4241	0	0	0	0	6	94
ASV_425	6	0	0	0	0	0
ASV_428	0	0	12	0	0	0
ASV_43	44	0	0	0	0	99
ASV_432	51	0	0	0	0	0
ASV_433	0	0	0	0	0	47
ASV_436	0	0	0	0	0	93
ASV_439	16	0	0	5	0	116
ASV_44	1	0	0	0	0	0
ASV_441	12	0	0	0	0	0
ASV_443	0	0	33	0	0	0
ASV_4434	9	0	0	0	0	25
ASV_444	79	0	0	0	0	64
ASV_4458	5	0	0	0	0	0
ASV_45	0	564	0	7	0	145
ASV_454	0	56	0	0	0	498
ASV_456	0	0	24	0	0	0
ASV_459	0	60	0	0	0	0
ASV_46	858	36	0	25	0	660
ASV_460	5	0	0	21	0	228
ASV_461	10	0	0	0	0	194
ASV_462	0	69	0	0	0	274
ASV_4620	1	0	0	0	0	3
ASV_463	0	0	0	0	0	24
ASV_466	16	0	0	0	0	0
ASV_467	0	0	0	0	0	177
ASV_471	488	0	0	50	10	630
ASV_472	6	0	0	0	0	0
ASV_473	0	152	0	0	0	0
ASV_474	5	0	0	0	0	0
ASV_4754	0	0	0	0	0	26
ASV_478	0	74	0	0	0	52
ASV_48	2710	0	0	72	40	295
ASV_481	83	0	0	0	0	19
ASV_486	25	0	0	0	0	67
ASV_488	0	84	108	2	39	225
ASV_4893	0	54	0	0	0	84
ASV_49	67	42	0	0	0	162
ASV_490	10	0	0	0	0	28
ASV_493	0	87	0	0	0	0
ASV_495	0	0	0	0	0	45
ASV_4964	0	153	0	0	3	21
ASV_4994	0	0	0	0	6	223
ASV_50	89	0	0	11	22	24
ASV_505	518	0	0	0	0	113
ASV_511	223	0	0	4	0	0
ASV_5149	0	61	0	0	0	0
ASV_518	0	0	0	0	0	4
ASV_519	26	0	0	6	0	230
ASV_522	0	0	0	0	0	148
ASV_528	0	139	0	0	0	0
ASV_5292	107	0	0	0	0	1
ASV_53	0	11742	0	0	19	1100
ASV_534	25	0	0	0	0	0
ASV_537	0	0	0	0	0	46
ASV_539	0	0	0	11	0	41
ASV_54	233	0	0	27	0	246
ASV_544	11	0	0	0	0	0
ASV_546	0	0	0	0	0	16
ASV_547	0	0	0	0	0	251
ASV_55	117	0	0	0	0	0
ASV_552	13	0	0	0	0	0
ASV_5599	0	29	0	22	0	0
ASV_5600	2	9	0	8	0	0
ASV_5604	0	15	0	0	0	0
ASV_5605	0	57	29	0	0	0
ASV_5606	16	64	0	37	0	6
ASV_5607	0	65	0	0	0	0
ASV_5610	0	210	0	0	0	0
ASV_5612	0	30	0	0	0	0
ASV_564	54	0	0	6	0	0
ASV_565	0	0	0	0	0	30
ASV_566	46	0	0	0	0	0
ASV_567	0	0	0	0	0	157
ASV_5675	0	312	0	0	0	0
ASV_568	99	0	0	0	0	229
ASV_5682	0	103	0	0	83	29
ASV_569	0	0	17	0	0	251
ASV_57	37	0	0	0	0	0
ASV_5709	0	0	0	0	0	50
ASV_5711	3	0	0	9	0	0
ASV_572	2	0	0	0	0	105
ASV_5760	0	0	0	0	0	33
ASV_5772	0	45	0	0	0	0
ASV_578	1198	0	0	42	0	25
ASV_580	69	0	0	3	0	120
ASV_5804	0	0	0	0	0	23
ASV_5825	0	0	0	0	0	46
ASV_585	0	0	0	16	0	77
ASV_5876	0	114	30	0	0	0
ASV_588	0	0	0	0	0	68
ASV_5888	0	427	89	0	0	0
ASV_592	0	0	5	0	0	0
ASV_5928	0	127	40	0	0	0
ASV_595	0	127	19	0	0	0
ASV_596	0	0	0	0	0	24
ASV_5966	0	161	0	0	0	0
ASV_5986	0	0	0	2	0	0
ASV_60	0	0	0	3	0	58
ASV_6011	0	205	5	0	0	0
ASV_604	0	0	0	0	0	330
ASV_6045	0	0	32	0	0	0
ASV_6069	0	49	60	0	0	0
ASV_6074	0	0	0	0	0	192
ASV_6109	0	0	0	0	0	3
ASV_612	0	0	0	0	0	133
ASV_6137	0	107	10	2	0	0
ASV_6159	0	0	0	0	0	30
ASV_6182	0	0	0	0	0	154
ASV_619	0	0	0	0	0	133
ASV_6202	0	0	0	0	0	73
ASV_6211	0	0	0	0	0	68
ASV_6221	0	0	0	0	0	2
ASV_6232	0	0	0	0	0	49
ASV_6260	0	44	0	0	0	0
ASV_6263	0	0	0	0	0	101
ASV_627	0	0	0	0	0	87
ASV_6276	0	0	0	0	0	30
ASV_6279	0	0	0	0	0	47
ASV_6286	0	68	0	0	0	0
ASV_6310	0	0	18	0	0	0
ASV_64	56	0	0	0	0	91
ASV_640	0	0	0	0	0	36
ASV_647	13	0	0	0	0	0
ASV_648	0	0	0	0	0	278
ASV_65	0	0	0	0	0	6
ASV_652	26	0	0	0	0	0
ASV_654	21	0	0	0	0	0
ASV_655	14	0	0	0	0	0
ASV_656	0	394	345	0	3	33
ASV_658	0	0	0	0	0	126
ASV_659	0	252	46	0	0	0
ASV_661	0	0	0	0	0	20
ASV_663	56	0	0	0	0	48
ASV_6642	0	37	0	0	0	35
ASV_6692	0	38	0	0	0	0
ASV_67	49	0	0	0	0	0
ASV_6812	0	38	0	0	0	0
ASV_6828	0	0	0	0	0	35
ASV_684	10	0	0	0	0	0
ASV_6863	0	94	8	5	0	0
ASV_69	42	0	17	18	0	30
ASV_7	1423	184	40	290	44	2506
ASV_70	84	0	0	27	0	388
ASV_706	0	0	0	0	0	101
ASV_71	154	0	0	22	0	237
ASV_710	0	0	0	0	0	46
ASV_713	0	73	0	0	0	0
ASV_714	0	0	0	0	0	32
ASV_719	0	0	0	0	0	67
ASV_721	0	0	0	0	0	88
ASV_722	0	0	0	0	0	17
ASV_7220	0	0	0	2	0	0
ASV_7239	0	58	0	0	0	0
ASV_726	24	0	0	0	0	0
ASV_729	0	0	0	0	0	226
ASV_73	42	0	0	0	0	43
ASV_7301	0	503	0	7	0	0
ASV_733	0	0	0	0	0	20
ASV_736	0	322	30	0	0	0
ASV_737	15	0	0	0	0	64
ASV_7395	0	123	0	0	0	129
ASV_74	29	0	0	0	0	0
ASV_740	28	0	0	0	0	0
ASV_7453	0	5	0	0	0	0
ASV_75	0	0	0	0	0	186
ASV_750	26	0	0	16	0	0
ASV_7505	0	0	0	0	0	35
ASV_756	19	0	0	0	0	110
ASV_76	111	0	0	18	0	297
ASV_7615	0	26	0	0	0	0
ASV_7663	0	64	0	0	0	0
ASV_77	30	0	0	0	0	0
ASV_770	0	0	0	0	0	31
ASV_771	0	0	3	0	0	85
ASV_7763	69	0	0	0	0	0
ASV_7765	5	0	0	0	0	0
ASV_7766	4905	0	0	220	165	2217
ASV_7767	1412	85	0	0	0	79
ASV_7779	13	0	0	23	27	448
ASV_779	213	0	0	11	0	180
ASV_7792	65	0	0	0	0	0
ASV_7798	2	0	0	0	0	0
ASV_7799	32	0	0	0	0	314
ASV_7813	483	0	0	0	0	426
ASV_7816	0	80	0	0	0	0
ASV_782	0	703	0	0	19	0
ASV_7846	4	0	0	0	0	0
ASV_7854	1	0	0	0	0	0
ASV_7870	0	0	0	0	0	57
ASV_79	127	0	0	7	0	82
ASV_792	30	0	0	0	0	0
ASV_7953	0	0	0	0	0	47
ASV_7976	0	0	0	0	0	39
ASV_80	577	0	0	29	0	156
ASV_804	7	0	0	0	0	0
ASV_806	0	0	22	0	0	0
ASV_8061	0	0	0	0	0	27
ASV_8100	167	0	0	0	0	0
ASV_8118	4	0	0	0	0	0
ASV_812	0	0	0	0	0	15
ASV_816	44	0	0	0	0	176
ASV_8254	0	0	0	0	0	17
ASV_829	73	0	0	0	0	376
ASV_8314	0	134	0	0	0	0
ASV_8326	0	0	0	0	0	47
ASV_833	0	0	0	0	0	13
ASV_835	68	0	0	13	0	512
ASV_837	5	0	0	0	0	0
ASV_8391	0	0	0	0	0	5
ASV_8410	0	0	0	0	0	10
ASV_8424	0	0	0	0	0	1
ASV_8425	2	0	0	0	0	0
ASV_848	0	0	0	3	0	0
ASV_8485	11	0	0	0	0	0
ASV_851	0	0	0	0	0	18
ASV_8520	1	0	0	0	0	0
ASV_856	0	37	0	0	0	0
ASV_86	1853	9	2	95	35	5493
ASV_860	0	0	0	0	0	328
ASV_861	29	0	0	0	0	0
ASV_8638	1	0	0	0	0	0
ASV_864	0	21	0	0	0	0
ASV_8652	0	0	0	4	0	0
ASV_87	55	0	0	7	0	0
ASV_879	21	0	0	0	0	0
ASV_89	4	0	0	0	0	72
ASV_892	0	0	0	0	0	98
ASV_8948	0	0	0	0	0	88
ASV_9	0	102	0	0	0	37
ASV_90	179	0	0	0	0	29
ASV_901	0	0	0	0	0	52
ASV_913	312	0	0	0	0	0
ASV_9155	15	0	0	0	0	0
ASV_921	315	0	0	0	0	0
ASV_9212	0	46	0	0	0	0
ASV_9268	0	110	15	0	0	0
ASV_93	325	0	0	17	0	194
ASV_932	2	0	0	0	0	0
ASV_933	12	0	0	0	0	47
ASV_943	0	0	0	0	0	272
ASV_946	0	64	0	0	0	0
ASV_948	0	0	0	0	0	118
ASV_95	0	0	0	30	0	283
ASV_955	0	0	0	0	0	44
ASV_965	0	291	0	0	0	0
ASV_9667	5	86	157	0	0	86
ASV_9668	0	280	92	4	0	374
ASV_9669	0	0	55	0	0	38
ASV_9672	0	0	0	0	0	48
ASV_9673	0	0	0	0	13	221
ASV_9674	0	152	0	0	0	0
ASV_9676	0	287	9	0	0	0
ASV_9677	0	0	0	0	2	81
ASV_9680	0	0	14	0	0	0
ASV_9684	0	71	35	0	0	228
ASV_9688	0	166	0	0	0	34
ASV_9693	0	28	0	0	0	0
ASV_9697	0	0	0	0	11	0
ASV_9706	0	0	0	0	0	35
ASV_9732	0	84	0	0	0	0
ASV_9736	0	0	12	0	0	0
ASV_9779	0	0	0	0	0	22
ASV_9790	0	246	0	0	0	145
ASV_98	21	0	0	0	0	17
ASV_9833	0	102	0	0	0	0
ASV_9835	0	35	0	0	0	0
ASV_9846	0	85	0	0	0	0
ASV_985	9	0	0	13	0	0
ASV_9851	0	533	0	0	0	0
ASV_9856	0	129	0	0	0	0
ASV_9861	0	134	0	0	0	0
ASV_9877	0	8	0	0	0	0
ASV_9884	0	189	0	0	0	0
ASV_9941	0	0	0	0	0	117
ASV_9947	0	90	0	0	0	0
ASV_9953	0	309	0	0	0	0
ASV_9988	0	141	0	0	0	0
ASV_9994	0	0	0	0	0	23
ASV_9997	0	30	0	0	0	118
