	KP_Exp_8_D0_AVN2	KP_Exp_8_D0_OR_AVN2	KP_Exp_8_D8_AVN2
ASV_1	10702	15354	0
ASV_10	1362	0	0
ASV_100	94	0	0
ASV_101	101	0	0
ASV_1010	0	0	16
ASV_1016	0	0	11
ASV_102	31	0	0
ASV_103	40	0	0
ASV_1032	0	0	16
ASV_1034	0	0	24
ASV_104	90	0	0
ASV_1051	3	0	0
ASV_106	28	0	0
ASV_107	48	0	0
ASV_1074	0	515	0
ASV_1075	0	0	14
ASV_108	117	0	0
ASV_1085	0	0	9
ASV_109	1206	0	60
ASV_1091	0	0	12
ASV_11	217	0	10
ASV_110	37	0	0
ASV_1104	0	0	6
ASV_1106	0	0	8
ASV_1108	0	0	9
ASV_111	0	2937	1149
ASV_1117	0	0	7
ASV_1118	0	0	9
ASV_112	181	0	0
ASV_1125	0	0	13
ASV_1129	3	0	0
ASV_113	124	0	0
ASV_1138	57	0	0
ASV_116	118	0	0
ASV_1167	0	0	6
ASV_117	83	0	0
ASV_1175	0	0	19
ASV_118	0	0	383
ASV_1180	0	0	16
ASV_1186	0	0	12
ASV_1196	0	0	8
ASV_1212	0	0	22
ASV_1219	0	0	5
ASV_1225	3	0	0
ASV_1229	0	0	6
ASV_123	683	0	0
ASV_124	37	0	0
ASV_125	0	254	359
ASV_1258	0	383	0
ASV_1259	0	0	32
ASV_1261	0	0	32
ASV_127	0	0	230
ASV_1278	0	0	8
ASV_128	92	0	0
ASV_129	106	0	0
ASV_1291	0	0	8
ASV_1296	1	0	0
ASV_13	0	10709	4522
ASV_130	44	0	0
ASV_1302	0	0	8
ASV_132	0	0	80
ASV_1337	0	0	12
ASV_1338	0	0	12
ASV_134	41	0	0
ASV_135	141	999	0
ASV_1365	0	0	47
ASV_1369	0	0	6
ASV_137	143	0	0
ASV_138	329	1262	0
ASV_139	0	0	121
ASV_1392	38	0	0
ASV_14	4	5529	9852
ASV_142	12	0	0
ASV_143	42	0	0
ASV_1436	0	0	10
ASV_145	0	0	7
ASV_146	30	0	0
ASV_1467	0	0	8
ASV_147	5	0	0
ASV_148	47	0	0
ASV_1486	0	0	8
ASV_149	76	0	0
ASV_1496	0	0	9
ASV_15	2555	0	31
ASV_150	43	0	0
ASV_1503	0	0	99
ASV_153	0	0	171
ASV_154	80	0	0
ASV_1545	0	2450	0
ASV_1558	0	0	11
ASV_156	19	0	0
ASV_1577	0	0	15
ASV_158	99	0	0
ASV_159	0	1277	3787
ASV_1591	0	0	8
ASV_16	1073	0	0
ASV_160	556	0	0
ASV_161	11	0	0
ASV_162	35	0	0
ASV_163	36	0	0
ASV_1633	0	0	8
ASV_164	32	0	0
ASV_166	24	0	0
ASV_167	0	0	164
ASV_1675	0	0	106
ASV_168	0	0	83
ASV_17	797	0	0
ASV_170	33	0	0
ASV_171	81	0	0
ASV_173	0	0	178
ASV_174	87	839	0
ASV_175	20	0	0
ASV_1750	0	0	5
ASV_176	69	0	0
ASV_177	0	0	479
ASV_1775	0	0	8
ASV_178	50	0	0
ASV_179	75	0	0
ASV_1795	0	0	17
ASV_18	830	0	5
ASV_180	0	0	106
ASV_181	0	0	46
ASV_1814	1271	218	0
ASV_182	30	0	0
ASV_1823	0	0	37
ASV_185	0	805	33
ASV_186	78	0	0
ASV_187	605	0	0
ASV_1887	0	0	4
ASV_1892	0	0	45
ASV_19	2240	537	0
ASV_1912	0	1423	6
ASV_192	25	0	0
ASV_1931	5	0	0
ASV_194	40	0	0
ASV_2	34364	42228	277
ASV_20	2157	0	0
ASV_200	0	0	378
ASV_201	0	0	18
ASV_2012	0	0	18
ASV_202	60	0	0
ASV_203	0	392	65
ASV_2038	0	9	11
ASV_204	17	0	0
ASV_2043	0	0	9
ASV_206	45	0	0
ASV_207	48	0	0
ASV_2072	0	0	15
ASV_208	0	0	25
ASV_2082	0	0	145
ASV_2085	0	0	4
ASV_209	19	0	0
ASV_21	60	0	0
ASV_210	14	0	0
ASV_2101	0	0	12
ASV_2109	0	0	13
ASV_211	42	0	0
ASV_213	52	0	0
ASV_214	52	0	0
ASV_215	0	0	205
ASV_2153	0	0	3
ASV_2179	0	0	7
ASV_219	66	0	0
ASV_22	534	0	0
ASV_220	47	0	0
ASV_221	0	0	114
ASV_223	381	0	0
ASV_224	34	0	0
ASV_225	16	0	0
ASV_226	32	0	0
ASV_227	0	33	135
ASV_228	124	0	0
ASV_229	11	0	0
ASV_23	0	0	152
ASV_230	30	0	0
ASV_2304	0	0	8
ASV_233	47	0	0
ASV_236	0	0	88
ASV_2367	0	0	23
ASV_2379	0	0	6
ASV_239	31	0	6
ASV_24	0	0	1636
ASV_241	12	0	0
ASV_242	0	0	60
ASV_243	29	0	0
ASV_244	0	0	52
ASV_245	0	0	95
ASV_246	0	0	116
ASV_249	35	0	0
ASV_25	831	0	0
ASV_250	50	0	0
ASV_251	23	0	0
ASV_2528	0	0	5
ASV_253	44	0	0
ASV_254	10	0	0
ASV_255	0	0	113
ASV_256	43	0	0
ASV_257	0	0	122
ASV_258	28	0	0
ASV_259	0	0	126
ASV_2598	0	0	32
ASV_26	617	1413	0
ASV_260	0	0	40
ASV_262	44	0	0
ASV_263	53	0	0
ASV_264	25	0	0
ASV_2643	0	0	15
ASV_265	24	0	0
ASV_266	81	0	0
ASV_2677	0	0	11
ASV_27	728	0	0
ASV_271	7	0	0
ASV_272	21	0	0
ASV_273	0	0	130
ASV_276	0	0	71
ASV_278	47	0	0
ASV_285	0	4120	0
ASV_287	0	0	65
ASV_29	64	0	0
ASV_2909	141	0	0
ASV_291	11	0	0
ASV_292	28	0	0
ASV_294	33	0	0
ASV_2949	0	0	10
ASV_295	0	0	60
ASV_297	30	0	0
ASV_2977	0	0	5
ASV_298	27	0	0
ASV_299	57	0	0
ASV_3	4966	0	29
ASV_30	527	0	9
ASV_300	0	0	62
ASV_302	0	0	28
ASV_305	24	0	0
ASV_307	36	0	0
ASV_308	161	0	0
ASV_309	0	0	72
ASV_3091	0	0	2
ASV_311	0	0	61
ASV_312	15	0	0
ASV_314	0	0	35
ASV_315	0	0	83
ASV_316	0	0	45
ASV_319	0	0	280
ASV_323	97	0	0
ASV_3241	0	0	9
ASV_325	0	0	105
ASV_327	16	0	0
ASV_328	48	0	0
ASV_329	33	0	0
ASV_33	0	0	38
ASV_330	0	0	36
ASV_331	0	0	91
ASV_332	27	0	0
ASV_333	0	0	45
ASV_336	30	0	0
ASV_34	156	0	0
ASV_340	14	0	0
ASV_341	0	0	102
ASV_3429	0	3	0
ASV_343	0	0	39
ASV_345	0	0	31
ASV_35	305	0	0
ASV_350	26	0	0
ASV_3504	0	275	0
ASV_352	0	0	1079
ASV_355	0	0	44
ASV_357	7	0	0
ASV_358	0	0	18
ASV_3598	35	0	0
ASV_36	487	0	0
ASV_360	51	0	0
ASV_3606	1	0	0
ASV_3607	0	6299	0
ASV_3608	1228	2953	0
ASV_361	11	0	0
ASV_3610	1	0	0
ASV_362	0	0	16
ASV_3622	6	0	0
ASV_3631	15	0	0
ASV_364	7	0	0
ASV_3650	0	416	28
ASV_3659	0	416	0
ASV_368	0	0	55
ASV_37	43	0	0
ASV_370	101	0	0
ASV_371	7	0	0
ASV_3712	0	0	68
ASV_372	11	0	0
ASV_373	11	0	0
ASV_374	0	728	8
ASV_375	0	0	98
ASV_376	24	0	0
ASV_377	0	0	72
ASV_3797	0	597	0
ASV_38	212	0	0
ASV_381	39	0	0
ASV_384	0	0	42
ASV_385	10	0	0
ASV_3857	0	11	0
ASV_387	19	0	0
ASV_388	18	0	0
ASV_39	10	0	0
ASV_390	5	0	0
ASV_391	55	0	0
ASV_3913	4	0	20698
ASV_3914	129	0	0
ASV_3915	509	0	0
ASV_3918	49	0	0
ASV_3921	0	0	416
ASV_3931	33	0	0
ASV_394	24	0	0
ASV_3944	0	0	74
ASV_3953	0	0	51
ASV_396	91	888	0
ASV_397	0	0	58
ASV_3975	2	0	0
ASV_399	21	0	0
ASV_3992	1	0	0
ASV_3996	0	0	22
ASV_4	1642	823	0
ASV_401	0	0	71
ASV_402	0	0	41
ASV_4039	8	0	0
ASV_405	0	0	7
ASV_407	80	173	0
ASV_4084	0	0	15
ASV_41	0	2611	2124
ASV_410	0	0	38
ASV_411	5	0	0
ASV_413	0	0	84
ASV_4137	0	0	73
ASV_415	0	0	45
ASV_416	0	0	54
ASV_4160	0	0	34
ASV_417	0	0	18
ASV_418	0	0	29
ASV_419	0	0	49
ASV_42	135	0	0
ASV_421	0	0	27
ASV_424	0	0	28
ASV_425	6	0	0
ASV_428	0	0	75
ASV_4287	0	0	1
ASV_429	16	0	0
ASV_43	109	0	0
ASV_4332	0	0	5
ASV_436	0	0	36
ASV_4386	0	0	11
ASV_4389	0	0	8
ASV_4402	0	0	6
ASV_443	0	0	139
ASV_444	11	0	0
ASV_447	0	0	8
ASV_449	0	0	25
ASV_45	12	0	0
ASV_450	0	0	26
ASV_454	0	0	44
ASV_456	0	0	50
ASV_457	0	0	29
ASV_458	0	0	1581
ASV_459	0	0	12
ASV_46	77	0	0
ASV_460	35	0	0
ASV_4629	0	0	16
ASV_4647	0	0	44
ASV_466	14	0	0
ASV_467	0	159	0
ASV_468	29	0	0
ASV_47	66	0	0
ASV_4704	3	0	0
ASV_471	42	0	0
ASV_472	27	0	0
ASV_4754	0	0	19
ASV_476	24	0	0
ASV_477	8	0	0
ASV_478	0	0	66
ASV_479	0	0	15
ASV_48	220	0	0
ASV_481	11	0	0
ASV_482	13	0	0
ASV_4828	0	0	3
ASV_483	0	0	103
ASV_484	0	0	40
ASV_485	0	0	22
ASV_486	14	0	0
ASV_4889	0	0	7
ASV_489	0	0	4
ASV_4890	0	0	5
ASV_49	289	0	0
ASV_492	0	0	6
ASV_495	0	0	25
ASV_4980	0	0	4
ASV_5	1395	0	0
ASV_50	162	0	0
ASV_502	0	0	40
ASV_5021	0	0	11
ASV_505	97	0	0
ASV_507	0	0	56
ASV_509	0	0	23
ASV_51	407	0	0
ASV_514	0	0	77
ASV_52	678	781	0
ASV_520	6	0	0
ASV_521	0	0	18
ASV_523	0	0	21
ASV_527	0	0	39
ASV_528	0	0	64
ASV_53	0	9369	1205
ASV_530	0	0	35
ASV_534	94	0	0
ASV_537	0	0	33
ASV_5376	0	0	7
ASV_54	264	0	0
ASV_542	276	0	0
ASV_544	30	0	0
ASV_546	0	0	22
ASV_55	811	0	0
ASV_555	0	0	73
ASV_5610	0	2574	0
ASV_5611	8	0	0
ASV_5612	0	4302	0
ASV_5617	47	0	0
ASV_5619	0	3592	0
ASV_5620	0	3469	0
ASV_5623	0	2576	0
ASV_5624	0	0	12
ASV_5626	16	0	0
ASV_5627	0	1896	0
ASV_5628	18	0	0
ASV_563	0	0	59
ASV_5630	0	1709	0
ASV_5631	0	1673	0
ASV_5632	617	513	0
ASV_565	0	0	51
ASV_5667	0	948	0
ASV_5675	0	755	0
ASV_5682	0	193	0
ASV_5688	43	0	0
ASV_569	0	0	48
ASV_5697	0	700	0
ASV_5709	0	620	0
ASV_571	7	0	0
ASV_5711	1	0	0
ASV_5721	85	0	0
ASV_5741	0	409	0
ASV_575	0	0	18
ASV_5764	0	405	0
ASV_5766	200	201	0
ASV_5767	0	0	25
ASV_579	14	0	0
ASV_5797	1	0	0
ASV_5798	0	286	0
ASV_5800	13	0	0
ASV_581	0	0	68
ASV_582	0	0	16
ASV_5832	0	230	0
ASV_584	293	0	0
ASV_5848	0	0	47
ASV_5849	30	0	0
ASV_585	6	0	0
ASV_5869	29	0	0
ASV_587	32	0	0
ASV_5876	0	144	0
ASV_5889	0	160	0
ASV_590	0	0	17
ASV_5905	0	0	34
ASV_5906	12	0	0
ASV_5912	0	137	0
ASV_5913	0	0	7
ASV_5914	0	136	0
ASV_592	0	0	7
ASV_5920	0	0	23
ASV_5926	0	125	0
ASV_5948	2	0	0
ASV_5957	0	0	7
ASV_5961	0	0	4
ASV_5966	0	96	0
ASV_5970	0	0	91
ASV_5973	0	0	90
ASV_5977	0	0	61
ASV_5981	0	84	0
ASV_5984	2	0	0
ASV_5990	0	80	0
ASV_5994	29	0	0
ASV_6	1379	0	29
ASV_60	0	0	7
ASV_600	0	0	11
ASV_601	23	0	0
ASV_602	0	0	21
ASV_603	0	0	10
ASV_6044	0	0	9
ASV_6045	0	50	0
ASV_605	0	0	11
ASV_6050	1	0	0
ASV_6051	0	0	3
ASV_6053	0	0	15
ASV_606	0	0	51
ASV_6066	0	0	6
ASV_6068	0	42	0
ASV_6074	0	0	5
ASV_608	0	0	57
ASV_6098	0	36	0
ASV_61	413	0	0
ASV_610	0	0	66
ASV_6109	5	0	0
ASV_6115	9	0	0
ASV_6118	0	0	10
ASV_6119	0	32	0
ASV_6120	0	32	0
ASV_6122	0	0	5
ASV_6125	0	0	6
ASV_6138	0	0	29
ASV_6139	0	0	6
ASV_6141	0	0	9
ASV_6151	0	0	6
ASV_6157	0	0	6
ASV_616	0	0	32
ASV_6166	0	0	25
ASV_619	0	0	31
ASV_6191	0	0	22
ASV_62	70	0	0
ASV_6201	0	0	21
ASV_6202	0	0	12
ASV_6211	0	0	5
ASV_6214	0	0	20
ASV_6228	0	0	6
ASV_6239	0	0	10
ASV_6246	0	0	18
ASV_6247	0	0	12
ASV_6257	2	0	0
ASV_6259	0	0	6
ASV_6260	0	0	4
ASV_6261	0	0	17
ASV_627	0	0	68
ASV_6285	0	0	16
ASV_6286	0	0	16
ASV_6287	0	0	16
ASV_6288	0	0	16
ASV_63	232	1619	0
ASV_6313	0	0	15
ASV_6314	0	0	6
ASV_6338	3	0	0
ASV_635	284	0	0
ASV_6351	0	0	5
ASV_6355	0	0	14
ASV_6356	0	0	14
ASV_636	0	0	11
ASV_6380	0	0	13
ASV_64	7	0	0
ASV_6408	0	0	12
ASV_6409	0	0	12
ASV_6440	1	0	0
ASV_645	0	0	8
ASV_6461	0	0	11
ASV_6462	0	0	11
ASV_6463	0	0	11
ASV_6464	0	0	11
ASV_6465	0	0	6
ASV_65	6	0	0
ASV_650	0	0	16
ASV_651	0	0	13
ASV_653	0	0	17
ASV_6530	0	0	10
ASV_6531	0	0	10
ASV_6532	0	0	10
ASV_6533	0	0	6
ASV_656	0	1181	0
ASV_6582	0	0	9
ASV_6583	0	0	9
ASV_659	0	1465	14
ASV_661	0	0	89
ASV_664	0	0	22
ASV_6664	0	0	8
ASV_6665	0	0	8
ASV_6666	0	0	8
ASV_6667	0	0	8
ASV_6668	0	0	8
ASV_6669	0	0	8
ASV_6670	0	0	8
ASV_6671	0	0	8
ASV_668	0	0	14
ASV_67	100	35	0
ASV_675	0	0	9
ASV_6756	0	0	7
ASV_6757	0	0	7
ASV_6758	0	0	7
ASV_6759	0	0	7
ASV_6760	0	0	7
ASV_6761	0	0	7
ASV_6762	0	0	7
ASV_6763	0	0	7
ASV_6764	0	0	7
ASV_6765	0	0	7
ASV_6766	0	0	7
ASV_6767	0	0	7
ASV_6768	0	0	7
ASV_6769	0	0	3
ASV_677	6	0	0
ASV_68	83	0	0
ASV_684	37	0	0
ASV_685	0	0	26
ASV_686	0	0	12
ASV_6863	0	0	3
ASV_687	0	0	13
ASV_6898	0	0	6
ASV_6899	0	0	6
ASV_69	17	0	0
ASV_6900	0	0	6
ASV_6901	0	0	6
ASV_6902	0	0	6
ASV_6903	0	0	6
ASV_6904	0	0	6
ASV_6905	0	0	6
ASV_6906	0	0	6
ASV_691	137	0	0
ASV_695	0	0	8
ASV_698	0	0	11
ASV_7	940	2577	46
ASV_70	56	0	0
ASV_704	0	0	4
ASV_7045	0	0	5
ASV_7046	0	0	5
ASV_7047	0	0	5
ASV_7048	0	0	5
ASV_7049	0	0	5
ASV_705	0	0	142
ASV_7050	0	0	5
ASV_7051	0	0	5
ASV_7052	0	0	5
ASV_7053	0	0	5
ASV_7054	0	0	5
ASV_7055	0	0	5
ASV_7056	0	0	5
ASV_7057	0	0	5
ASV_7058	0	0	5
ASV_7059	0	0	5
ASV_7060	0	0	5
ASV_708	0	0	14
ASV_71	138	0	0
ASV_710	0	0	25
ASV_711	23	0	0
ASV_718	0	0	52
ASV_72	36	0	0
ASV_720	0	0	10
ASV_7216	0	0	4
ASV_7217	0	0	4
ASV_7218	0	0	4
ASV_7219	0	0	4
ASV_722	0	0	10
ASV_7220	0	0	4
ASV_7221	0	0	4
ASV_7222	0	0	4
ASV_7223	0	0	4
ASV_7224	0	0	4
ASV_7225	0	0	4
ASV_7226	0	0	4
ASV_7227	0	0	4
ASV_7228	0	0	4
ASV_7229	0	0	3
ASV_726	12	0	0
ASV_730	4	0	0
ASV_736	0	0	4
ASV_7398	0	0	3
ASV_7399	0	0	3
ASV_74	49	0	0
ASV_7400	0	0	3
ASV_7401	0	0	3
ASV_7402	0	0	3
ASV_7403	0	0	3
ASV_7404	0	0	3
ASV_7405	0	0	3
ASV_7406	0	0	3
ASV_7407	0	0	3
ASV_7408	0	0	3
ASV_747	0	0	8
ASV_75	0	0	444
ASV_7532	0	2	0
ASV_7533	0	2	0
ASV_7534	0	2	0
ASV_7572	0	0	2
ASV_7573	0	0	2
ASV_7574	0	0	2
ASV_7575	0	0	2
ASV_7576	0	0	2
ASV_7578	0	0	2
ASV_7579	0	0	2
ASV_76	199	0	0
ASV_760	0	0	13
ASV_767	0	0	12
ASV_7673	1	0	0
ASV_769	0	0	13
ASV_770	0	0	37
ASV_771	43	0	0
ASV_7717	0	0	1
ASV_7718	0	0	1
ASV_7719	0	0	1
ASV_779	47	0	0
ASV_781	0	0	3
ASV_79	26	0	0
ASV_792	6	0	0
ASV_793	0	0	13
ASV_80	37	0	0
ASV_802	0	0	14
ASV_81	61	0	0
ASV_812	8	0	0
ASV_82	99	0	0
ASV_820	0	0	14
ASV_822	0	0	7
ASV_825	0	0	14
ASV_826	0	0	32
ASV_83	0	0	1868
ASV_830	14	0	0
ASV_831	19	0	0
ASV_832	0	0	28
ASV_846	0	0	28
ASV_847	0	0	4
ASV_85	129	1845	0
ASV_851	0	0	16
ASV_86	948	1867	8
ASV_860	62	0	0
ASV_862	0	0	25
ASV_879	33	0	0
ASV_88	145	0	0
ASV_883	0	0	22
ASV_89	9	0	0
ASV_890	0	0	26
ASV_892	13	0	0
ASV_896	6	0	0
ASV_9	0	0	2771
ASV_90	24	0	0
ASV_901	5	0	0
ASV_904	0	0	19
ASV_91	53	0	0
ASV_911	0	0	7
ASV_92	164	0	0
ASV_927	0	0	42
ASV_932	9	0	0
ASV_934	0	0	3
ASV_936	0	0	110
ASV_94	139	0	2
ASV_940	5	0	0
ASV_942	0	0	18
ASV_95	23	0	0
ASV_953	0	0	14
ASV_956	0	0	7
ASV_959	0	0	24
ASV_96	72	0	0
ASV_963	0	0	9
ASV_965	0	0	21
ASV_97	154	0	0
ASV_98	37	0	0
ASV_980	0	0	21
ASV_986	0	0	11
ASV_988	0	0	180
ASV_99	0	0	81
ASV_998	0	0	11
