	KP_Exp_8_D0_AVN3	KP_Exp_8_D0_OR_AVN3	KP_Exp_8_D8_AVN3
ASV_1	3706	326	3
ASV_10	53	8	0
ASV_100	9	0	0
ASV_101	17	0	0
ASV_1010	0	0	9
ASV_1028	0	0	5
ASV_1039	0	0	23
ASV_104	10	0	0
ASV_1051	8	0	0
ASV_1052	0	0	24
ASV_108	15	0	0
ASV_1086	0	0	31
ASV_109	975	42	33
ASV_1094	0	0	7
ASV_11	63	12	0
ASV_110	7	0	0
ASV_1102	0	0	12
ASV_1104	0	0	19
ASV_111	0	0	1799
ASV_112	36	0	0
ASV_1125	0	0	13
ASV_1127	0	0	8
ASV_1138	20	0	0
ASV_1150	0	0	19
ASV_1151	0	0	20
ASV_116	13	0	0
ASV_117	11	0	0
ASV_118	0	0	108
ASV_1188	0	0	10
ASV_1205	0	0	18
ASV_1214	0	0	17
ASV_1225	5	0	0
ASV_123	40	0	0
ASV_124	61	0	0
ASV_1241	0	0	12
ASV_1247	0	0	10
ASV_125	0	0	273
ASV_126	52	0	0
ASV_127	0	0	258
ASV_128	17	0	0
ASV_129	21	0	0
ASV_13	0	5	5565
ASV_1308	0	0	14
ASV_131	7	0	0
ASV_132	0	0	135
ASV_1320	0	0	9
ASV_134	15	0	0
ASV_135	30	13	0
ASV_1353	0	0	7
ASV_137	27	0	0
ASV_138	37	0	0
ASV_139	0	0	138
ASV_1392	15	0	0
ASV_14	0	0	12333
ASV_142	22	0	0
ASV_1423	0	0	15
ASV_1427	0	0	7
ASV_1448	0	0	20
ASV_145	0	0	28
ASV_1474	0	0	5
ASV_148	16	10	0
ASV_149	25	0	0
ASV_1496	0	0	18
ASV_15	1498	86	0
ASV_1503	0	0	150
ASV_1509	0	0	10
ASV_153	0	0	297
ASV_154	11	0	0
ASV_1545	0	0	34
ASV_1554	0	0	8
ASV_1577	0	0	143
ASV_158	13	0	0
ASV_159	0	0	4958
ASV_16	604	14	0
ASV_160	169	20	0
ASV_1613	0	0	6
ASV_162	11	0	0
ASV_1623	0	0	8
ASV_167	0	0	272
ASV_1675	0	0	85
ASV_1678	0	0	6
ASV_168	0	0	85
ASV_1681	0	0	5
ASV_17	90	0	0
ASV_170	6	0	0
ASV_1700	0	0	9
ASV_171	25	0	0
ASV_1728	0	0	24
ASV_173	0	0	147
ASV_174	23	0	0
ASV_176	19	0	0
ASV_177	0	0	70
ASV_1775	0	0	22
ASV_18	514	12	0
ASV_180	0	0	104
ASV_1801	0	0	6
ASV_181	0	0	49
ASV_1814	462	127	0
ASV_182	22	0	0
ASV_1823	0	0	11
ASV_183	0	9	0
ASV_185	0	0	192
ASV_187	464	0	24
ASV_1892	0	0	36
ASV_19	862	91	0
ASV_1908	0	0	10
ASV_1938	0	0	16
ASV_194	14	0	0
ASV_1944	0	0	12
ASV_1950	0	0	11
ASV_197	0	0	94
ASV_2	4434	1365	177
ASV_20	335	0	0
ASV_200	0	0	306
ASV_201	0	0	37
ASV_202	34	0	0
ASV_203	0	0	90
ASV_2043	0	0	5
ASV_2060	0	0	8
ASV_208	0	0	27
ASV_2082	0	0	158
ASV_2085	0	0	10
ASV_209	4	0	0
ASV_2109	0	0	26
ASV_211	7	0	0
ASV_214	20	0	0
ASV_215	0	0	67
ASV_2171	0	0	15
ASV_22	55	6	0
ASV_220	21	4	0
ASV_221	0	0	74
ASV_223	59	0	0
ASV_2252	0	0	7
ASV_2254	0	0	3
ASV_227	0	0	52
ASV_228	17	0	0
ASV_229	18	0	0
ASV_23	0	0	192
ASV_2303	0	0	7
ASV_233	6	0	0
ASV_2345	0	0	5
ASV_2393	0	0	36
ASV_24	0	0	475
ASV_242	0	0	92
ASV_243	5	0	0
ASV_244	0	0	72
ASV_245	0	0	86
ASV_246	0	0	161
ASV_2463	0	0	40
ASV_2497	0	0	15
ASV_25	80	5	0
ASV_250	31	0	0
ASV_251	19	7	0
ASV_2543	0	0	24
ASV_255	0	0	35
ASV_257	0	0	45
ASV_258	4	0	0
ASV_259	0	0	152
ASV_2598	0	0	9
ASV_26	342	81	0
ASV_260	0	0	77
ASV_262	5	0	0
ASV_263	7	0	0
ASV_268	0	0	13
ASV_27	61	0	0
ASV_2717	0	0	6
ASV_273	0	0	144
ASV_276	0	0	91
ASV_278	21	0	0
ASV_280	30	0	0
ASV_281	11	0	0
ASV_2818	0	0	10
ASV_282	0	0	17
ASV_285	0	0	87
ASV_286	0	0	82
ASV_2867	0	0	2
ASV_29	328	11	0
ASV_290	5	0	0
ASV_2909	8	9	0
ASV_295	0	0	84
ASV_297	6	3	0
ASV_3	17178	132	11
ASV_30	44	0	8
ASV_302	0	0	30
ASV_307	97	0	0
ASV_308	59	0	0
ASV_309	0	0	19
ASV_312	11	0	0
ASV_3131	0	0	12
ASV_314	0	0	33
ASV_3141	0	0	18
ASV_315	0	0	211
ASV_316	0	0	41
ASV_319	0	0	328
ASV_32	27	0	0
ASV_320	20	0	0
ASV_3212	0	0	3
ASV_3241	0	7	0
ASV_3245	0	4	0
ASV_325	0	0	19
ASV_329	94	0	0
ASV_33	0	12	74
ASV_330	0	0	44
ASV_331	0	0	17
ASV_332	11	0	0
ASV_333	0	0	44
ASV_34	34	0	0
ASV_340	8	0	0
ASV_341	0	0	128
ASV_3424	0	0	2
ASV_343	0	0	13
ASV_344	0	0	12
ASV_345	0	0	25
ASV_35	59	20	0
ASV_352	0	0	1542
ASV_355	0	0	24
ASV_358	0	0	20
ASV_3597	28	0	0
ASV_36	32	0	3
ASV_3604	11	0	0
ASV_3606	4	0	0
ASV_3607	0	22	0
ASV_3608	537	95	0
ASV_3610	11	7	0
ASV_362	0	0	16
ASV_3628	0	6	0
ASV_3650	0	0	22
ASV_3656	0	8	0
ASV_3659	0	4	0
ASV_368	0	0	76
ASV_37	8	0	0
ASV_370	10	0	0
ASV_373	5	0	0
ASV_374	0	0	48
ASV_375	0	0	110
ASV_3755	11	0	0
ASV_377	0	0	60
ASV_38	245	9	0
ASV_3806	0	0	12
ASV_384	0	0	24
ASV_387	10	0	0
ASV_39	6	0	0
ASV_391	4	0	0
ASV_3913	4	0	19372
ASV_3915	39	3	0
ASV_3918	27	0	0
ASV_3919	61	0	0
ASV_3921	0	0	193
ASV_394	3	0	0
ASV_3944	0	0	70
ASV_3953	0	0	36
ASV_396	21	0	0
ASV_3969	0	0	7
ASV_397	0	0	14
ASV_4	852	193	0
ASV_401	0	0	65
ASV_4019	0	0	21
ASV_402	0	0	33
ASV_405	0	0	10
ASV_4056	0	0	6
ASV_4079	0	0	5
ASV_4084	0	0	21
ASV_4085	0	0	11
ASV_409	9	0	0
ASV_41	0	0	3359
ASV_4129	0	0	26
ASV_413	0	0	82
ASV_415	0	0	32
ASV_416	0	0	21
ASV_417	0	0	62
ASV_418	0	0	13
ASV_4180	0	0	31
ASV_419	0	0	31
ASV_421	0	0	220
ASV_422	0	0	49
ASV_424	0	0	16
ASV_4241	0	0	12
ASV_4254	0	0	14
ASV_428	0	0	15
ASV_43	112	5	0
ASV_4316	0	0	14
ASV_4349	0	0	48
ASV_436	0	0	70
ASV_4386	0	8	0
ASV_44	64	4	0
ASV_442	0	0	19
ASV_443	0	0	279
ASV_447	0	0	8
ASV_449	0	0	33
ASV_45	26	17	0
ASV_454	0	0	41
ASV_457	0	0	52
ASV_458	0	0	2151
ASV_46	18	0	0
ASV_460	22	0	0
ASV_468	5	0	0
ASV_469	0	0	32
ASV_47	14	0	0
ASV_471	87	5	0
ASV_472	14	0	0
ASV_478	0	5	47
ASV_479	0	0	93
ASV_48	124	16	0
ASV_4838	0	6	0
ASV_484	0	0	24
ASV_49	49	8	0
ASV_4918	0	0	3
ASV_495	0	0	35
ASV_4999	0	0	6
ASV_5	774	0	2
ASV_50	18	0	0
ASV_5014	0	0	6
ASV_502	0	0	34
ASV_503	0	0	17
ASV_505	21	0	0
ASV_509	0	0	16
ASV_51	62	0	13
ASV_511	6	0	0
ASV_514	0	0	70
ASV_517	0	0	41
ASV_52	271	31	0
ASV_523	0	0	19
ASV_527	0	0	25
ASV_529	0	0	22
ASV_53	0	26	2021
ASV_530	0	2	22
ASV_5348	0	0	2
ASV_537	0	0	53
ASV_5376	0	0	37
ASV_538	19	0	0
ASV_54	40	0	0
ASV_5402	0	0	4
ASV_542	266	0	0
ASV_546	0	0	22
ASV_55	88	16	0
ASV_555	0	0	53
ASV_556	0	0	36
ASV_5599	0	0	11
ASV_56	107	0	0
ASV_560	0	0	96
ASV_5600	0	0	14
ASV_5606	0	0	9
ASV_5612	0	11	0
ASV_5614	0	16	0
ASV_5617	44	0	0
ASV_5626	18	0	0
ASV_5628	11	0	0
ASV_563	0	0	37
ASV_5634	0	0	84
ASV_565	0	0	38
ASV_5675	0	0	89
ASV_5688	11	0	0
ASV_569	0	0	38
ASV_5697	0	11	0
ASV_5704	9	0	0
ASV_5721	25	0	0
ASV_5728	0	0	35
ASV_5741	0	4	0
ASV_5745	0	0	14
ASV_575	0	0	38
ASV_5751	0	0	440
ASV_5767	0	0	30
ASV_579	10	0	0
ASV_5804	0	0	14
ASV_5809	19	0	0
ASV_581	0	0	15
ASV_584	229	0	0
ASV_5847	0	0	201
ASV_5848	0	0	11
ASV_585	24	0	0
ASV_588	0	3	0
ASV_5884	0	0	53
ASV_5888	0	0	6
ASV_5895	0	0	152
ASV_59	47	0	0
ASV_590	0	0	29
ASV_5905	0	0	22
ASV_592	0	0	12
ASV_5940	0	0	15
ASV_5957	0	0	12
ASV_5961	0	0	7
ASV_598	0	0	61
ASV_5994	47	0	0
ASV_6	986	18	2
ASV_600	0	0	5
ASV_602	0	0	26
ASV_6039	0	0	12
ASV_605	0	0	16
ASV_606	0	0	28
ASV_6063	0	0	15
ASV_6070	0	0	42
ASV_6073	0	0	41
ASV_608	0	0	43
ASV_6086	0	0	3
ASV_6087	0	0	16
ASV_6093	0	0	9
ASV_61	57	0	0
ASV_610	0	0	30
ASV_6118	0	0	3
ASV_6125	0	0	11
ASV_6141	0	0	6
ASV_615	0	0	14
ASV_6152	0	0	27
ASV_6167	0	0	25
ASV_6180	0	0	5
ASV_6192	0	0	13
ASV_6199	0	0	11
ASV_6203	0	0	21
ASV_6208	0	20	0
ASV_6215	0	0	11
ASV_6216	0	0	6
ASV_6232	0	0	4
ASV_6262	0	0	17
ASV_6263	0	0	17
ASV_627	0	0	78
ASV_6282	0	0	7
ASV_6290	0	0	16
ASV_6291	0	0	16
ASV_63	58	0	0
ASV_6305	0	0	1
ASV_6314	0	0	9
ASV_6315	0	0	5
ASV_635	218	0	0
ASV_6357	0	0	14
ASV_6358	0	0	10
ASV_64	26	0	0
ASV_6410	0	0	12
ASV_6411	0	0	12
ASV_645	0	0	3
ASV_6466	0	0	11
ASV_65	11	0	0
ASV_652	4	0	0
ASV_6524	0	0	3
ASV_6526	0	0	4
ASV_6533	0	0	4
ASV_6534	0	0	10
ASV_6535	0	0	10
ASV_6536	0	0	5
ASV_656	0	0	10
ASV_6584	0	0	9
ASV_6585	0	0	9
ASV_6586	0	0	9
ASV_6587	0	0	9
ASV_6588	0	0	9
ASV_6589	0	0	4
ASV_659	0	0	15
ASV_661	0	0	107
ASV_664	0	0	10
ASV_6672	0	0	8
ASV_6673	0	0	8
ASV_6674	0	0	8
ASV_6675	0	0	8
ASV_6676	0	0	8
ASV_6677	0	0	8
ASV_6678	0	0	8
ASV_6679	0	0	8
ASV_67	105	6	0
ASV_6770	0	0	7
ASV_6771	0	0	7
ASV_6772	0	0	7
ASV_679	0	0	147
ASV_68	16	0	0
ASV_685	0	0	18
ASV_69	14	0	0
ASV_6907	0	0	6
ASV_6908	0	0	6
ASV_6909	0	0	6
ASV_691	113	0	0
ASV_6910	0	0	6
ASV_6911	0	0	6
ASV_6912	0	0	6
ASV_6913	0	0	6
ASV_6914	0	0	3
ASV_695	0	0	16
ASV_697	0	0	15
ASV_698	0	0	22
ASV_6998	0	5	0
ASV_7	2782	424	24
ASV_70	7	0	0
ASV_704	0	0	5
ASV_7061	0	0	5
ASV_7062	0	0	5
ASV_7063	0	0	5
ASV_7064	0	0	5
ASV_7065	0	0	5
ASV_7066	0	0	5
ASV_7067	0	0	5
ASV_7068	0	0	5
ASV_7069	0	0	5
ASV_707	0	0	19
ASV_708	0	0	16
ASV_71	18	0	0
ASV_710	0	0	34
ASV_72	56	0	0
ASV_720	0	0	25
ASV_7231	0	0	4
ASV_7232	0	0	4
ASV_7233	0	0	4
ASV_7234	0	0	4
ASV_7235	0	0	4
ASV_73	11	0	0
ASV_733	0	0	2137
ASV_74	238	0	0
ASV_7409	0	0	3
ASV_7410	0	0	3
ASV_7411	0	0	3
ASV_7412	0	0	3
ASV_7413	0	0	3
ASV_7414	0	0	3
ASV_7416	0	0	3
ASV_7417	0	0	3
ASV_7418	0	0	3
ASV_75	0	0	515
ASV_7580	0	0	2
ASV_7581	0	0	2
ASV_7582	0	0	2
ASV_7583	0	0	2
ASV_76	32	0	0
ASV_760	0	0	7
ASV_765	7	0	0
ASV_767	0	0	9
ASV_769	0	0	9
ASV_770	0	0	15
ASV_7720	0	0	1
ASV_7721	0	0	1
ASV_775	0	0	18
ASV_779	98	0	0
ASV_780	0	0	4
ASV_80	10	0	0
ASV_805	0	0	10
ASV_806	0	0	74
ASV_809	0	0	20
ASV_81	63	0	0
ASV_82	0	5	0
ASV_820	0	0	6
ASV_83	0	0	2123
ASV_832	0	0	33
ASV_85	15	0	0
ASV_86	10	41	0
ASV_862	0	0	20
ASV_868	0	0	10
ASV_88	21	0	0
ASV_885	0	0	12
ASV_89	8	0	0
ASV_890	0	0	47
ASV_898	0	0	13
ASV_899	0	0	11
ASV_9	0	0	3833
ASV_91	64	0	0
ASV_910	0	0	12
ASV_911	0	0	7
ASV_92	10	0	0
ASV_937	0	0	10
ASV_94	23	0	0
ASV_942	0	0	10
ASV_945	0	0	1
ASV_95	10	0	0
ASV_953	0	0	11
ASV_959	0	0	25
ASV_96	38	0	0
ASV_962	0	0	9
ASV_963	0	0	5
ASV_97	37	6	0
ASV_980	0	0	13
ASV_983	0	0	23
ASV_988	0	0	175
ASV_99	0	0	62
