	F_Day_0_Abx_C	O_Day_0_Abx_C	F_Day_3_Abx_C	O_Day_3_Abx_C
ASV_10	5	0	0	0
ASV_10009	0	0	0	13
ASV_10015	0	0	0	36
ASV_10033	0	0	281	0
ASV_10055	0	0	263	0
ASV_10083	0	0	228	0
ASV_101	13	0	0	0
ASV_10102	0	239	0	0
ASV_10142	0	0	197	0
ASV_10170	0	0	123	0
ASV_10204	4	0	0	0
ASV_10206	0	0	0	53
ASV_10208	0	0	152	0
ASV_10221	0	119	0	0
ASV_10231	0	152	0	0
ASV_10250	0	0	147	0
ASV_10274	0	0	161	0
ASV_10275	0	0	11	0
ASV_10277	0	0	0	8
ASV_10287	0	0	84	0
ASV_10288	0	0	135	0
ASV_10309	0	134	0	0
ASV_10315	0	0	80	0
ASV_10316	0	0	138	0
ASV_10322	0	0	106	7
ASV_10324	0	147	0	0
ASV_10332	0	0	81	0
ASV_10335	0	0	76	0
ASV_10354	0	0	0	54
ASV_10380	0	126	0	0
ASV_10391	0	0	122	0
ASV_10399	3	0	0	0
ASV_104	31	0	172	0
ASV_10413	0	0	64	0
ASV_10414	0	0	64	0
ASV_10421	0	0	116	0
ASV_10422	0	0	63	0
ASV_10423	0	0	122	0
ASV_10424	0	0	130	0
ASV_10443	0	0	0	47
ASV_10452	0	0	59	0
ASV_10461	0	0	0	107
ASV_10471	0	0	102	0
ASV_10472	0	0	0	23
ASV_10479	0	0	56	0
ASV_10480	0	0	81	0
ASV_10481	0	0	56	0
ASV_10485	0	0	0	41
ASV_10488	0	0	89	0
ASV_10489	0	0	97	0
ASV_10496	0	0	54	0
ASV_1051	30	0	0	0
ASV_10511	0	0	93	0
ASV_10512	0	0	52	0
ASV_10521	0	0	80	0
ASV_10547	0	0	82	0
ASV_1056	186	0	0	0
ASV_10584	0	0	86	0
ASV_10585	0	0	19	0
ASV_10587	0	0	0	30
ASV_10599	0	0	0	44
ASV_106	82	0	127	0
ASV_10601	0	0	96	0
ASV_10602	0	0	19	14
ASV_10603	0	0	0	24
ASV_10605	0	0	0	9
ASV_10626	0	69	0	0
ASV_10645	0	0	0	6
ASV_10646	0	0	39	0
ASV_10653	0	0	0	66
ASV_10688	0	0	0	65
ASV_10690	7	0	0	0
ASV_10691	0	0	36	0
ASV_10699	0	0	0	70
ASV_107	48	0	0	0
ASV_10718	0	0	0	58
ASV_10722	2	0	0	0
ASV_10724	0	0	64	0
ASV_10728	0	0	0	19
ASV_1073	60	1420	0	0
ASV_10734	0	0	0	52
ASV_10752	7	0	0	0
ASV_10781	0	0	0	46
ASV_10791	0	0	62	0
ASV_10792	0	0	14	0
ASV_10822	0	0	48	0
ASV_10823	0	0	46	0
ASV_10831	0	0	0	50
ASV_1084	42	0	0	0
ASV_10861	0	52	0	0
ASV_10870	0	0	0	45
ASV_10871	0	0	0	27
ASV_10872	0	0	0	38
ASV_10887	0	0	44	0
ASV_10892	0	26	0	0
ASV_109	22	703	1379	686
ASV_10900	0	0	0	42
ASV_10906	0	0	0	46
ASV_10907	0	0	0	46
ASV_10935	0	0	0	38
ASV_10936	0	0	0	41
ASV_10941	0	0	40	0
ASV_10942	0	0	46	0
ASV_10954	0	0	0	32
ASV_10955	0	0	0	39
ASV_10961	11	0	0	0
ASV_10965	0	0	23	0
ASV_11	32	108	1335	53
ASV_110	6	0	0	0
ASV_11021	0	21	0	0
ASV_11022	6	0	0	4
ASV_11044	0	0	0	44
ASV_11076	0	0	0	37
ASV_11093	0	0	39	0
ASV_111	0	0	0	33
ASV_11108	0	0	0	39
ASV_11109	0	0	0	31
ASV_11110	0	0	0	33
ASV_11113	0	0	0	29
ASV_11122	0	0	26	0
ASV_11149	0	0	28	0
ASV_11151	0	39	0	0
ASV_11158	0	0	0	29
ASV_11159	0	0	0	27
ASV_11193	0	0	0	26
ASV_11194	0	0	0	16
ASV_11195	0	0	0	28
ASV_11196	0	0	0	32
ASV_11197	0	0	0	16
ASV_1121	0	0	106	0
ASV_11216	0	0	41	0
ASV_1122	0	0	0	8
ASV_11229	0	0	0	23
ASV_11230	0	0	0	24
ASV_11243	0	0	33	0
ASV_11255	0	0	0	22
ASV_11256	0	0	0	30
ASV_11257	0	0	0	24
ASV_11258	0	0	0	25
ASV_11259	0	0	0	26
ASV_11272	0	0	24	0
ASV_11275	3	0	0	0
ASV_11299	0	0	0	13
ASV_113	0	0	134	13
ASV_11300	0	0	0	22
ASV_11301	0	0	0	25
ASV_11315	3	0	0	0
ASV_11320	0	0	24	0
ASV_11344	0	0	0	12
ASV_11345	0	0	0	12
ASV_11346	0	0	0	31
ASV_11347	0	0	0	12
ASV_11370	0	0	11	0
ASV_11379	0	0	0	2
ASV_1138	60	0	85	0
ASV_11390	0	0	0	21
ASV_11391	0	0	0	24
ASV_11392	0	0	0	22
ASV_11394	0	0	0	18
ASV_11442	0	0	0	19
ASV_11443	0	0	0	10
ASV_11460	0	0	12	0
ASV_1148	5	0	0	0
ASV_11485	0	0	0	9
ASV_11487	0	0	0	20
ASV_11488	0	0	0	9
ASV_11490	0	0	0	16
ASV_115	173	0	368	0
ASV_11523	0	0	12	0
ASV_11529	0	19	0	0
ASV_11549	0	0	0	8
ASV_11576	0	0	9	0
ASV_11577	0	0	7	0
ASV_11582	0	0	0	3
ASV_11595	0	0	0	13
ASV_11597	0	0	0	11
ASV_116	555	0	0	0
ASV_11630	0	0	9	0
ASV_11631	0	0	6	0
ASV_11659	0	0	0	6
ASV_11660	0	0	0	15
ASV_11661	0	0	0	10
ASV_11662	0	0	0	6
ASV_1169	41	0	0	0
ASV_117	11	0	106	0
ASV_11700	0	0	16	0
ASV_11701	0	0	5	0
ASV_1178	0	0	123	0
ASV_1179	0	0	1197	0
ASV_11792	0	4	0	0
ASV_11793	0	4	0	0
ASV_11817	0	0	0	4
ASV_11818	0	0	0	14
ASV_11819	0	0	0	4
ASV_11820	0	0	0	4
ASV_11821	0	0	0	6
ASV_1185	0	0	0	21
ASV_11861	0	0	3	0
ASV_119	3961	0	419	102
ASV_11900	0	0	0	3
ASV_11901	0	0	0	3
ASV_11940	1	0	0	0
ASV_11948	0	0	5	0
ASV_11949	0	0	2	0
ASV_11950	0	0	5	0
ASV_11951	0	0	10	0
ASV_12010	1	0	0	0
ASV_12014	0	0	1	0
ASV_12015	0	0	1	0
ASV_12056	0	0	0	12
ASV_121	5	0	509	19
ASV_12111	0	0	0	9
ASV_12112	0	0	0	9
ASV_12113	0	0	0	9
ASV_1212	0	0	0	73
ASV_12128	0	0	0	7
ASV_12129	0	0	0	7
ASV_12145	0	0	5	0
ASV_1216	0	0	0	41
ASV_12180	0	0	0	4
ASV_12181	0	0	0	4
ASV_12193	3	0	0	0
ASV_12197	0	0	3	0
ASV_12207	0	0	0	3
ASV_12209	0	0	0	3
ASV_12242	0	2	0	0
ASV_1225	0	0	14	0
ASV_123	642	0	0	0
ASV_124	77	0	900	0
ASV_125	0	0	0	30
ASV_1258	0	773	0	0
ASV_126	32	0	0	2
ASV_129	48	0	842	99
ASV_13	0	36	5908	229
ASV_130	468	0	269	0
ASV_131	84	0	0	0
ASV_132	0	0	109	0
ASV_1324	0	0	0	20
ASV_1364	9	0	0	0
ASV_137	122	334	71	0
ASV_1392	107	0	0	0
ASV_14	4	6633	20885	3267
ASV_142	233	0	1598	0
ASV_146	0	0	47	0
ASV_1464	0	404	0	0
ASV_147	0	0	167	0
ASV_148	416	0	0	0
ASV_149	87	0	1033	0
ASV_150	21	0	0	0
ASV_152	0	0	101	0
ASV_155	75	0	0	9
ASV_1553	0	0	0	4
ASV_1555	0	0	386	0
ASV_156	7	0	408	0
ASV_158	3	0	0	0
ASV_1587	0	0	0	5
ASV_161	0	0	30	0
ASV_162	0	0	249	0
ASV_164	10	0	0	0
ASV_1645	7	0	0	32
ASV_166	18	0	0	0
ASV_1679	0	0	52	0
ASV_169	384	0	28	0
ASV_17	120	0	0	0
ASV_1707	0	0	0	80
ASV_172	37	0	38	0
ASV_1736	3	0	0	0
ASV_174	61	0	38	0
ASV_175	65	0	0	0
ASV_177	0	0	29	0
ASV_1779	0	64	0	0
ASV_178	41	0	0	0
ASV_1787	0	0	0	51
ASV_1802	0	0	62	0
ASV_181	0	0	0	7
ASV_1814	0	0	0	49
ASV_182	453	0	436	5
ASV_1823	0	4270	444	1419
ASV_184	252	0	549	51
ASV_186	24	0	130	0
ASV_187	0	1417	151	276
ASV_188	64	0	0	0
ASV_1899	0	0	170	0
ASV_1903	0	0	141	0
ASV_191	25	0	0	0
ASV_1930	6	0	0	0
ASV_2	483	3232	16610	616
ASV_2009	0	0	323	53
ASV_2012	0	0	150	0
ASV_203	0	0	0	32
ASV_2065	14	0	0	0
ASV_2082	0	0	0	9
ASV_21	44	0	4802	145
ASV_210	0	0	12	0
ASV_2109	0	0	329	85
ASV_211	3491	0	14	0
ASV_212	91	0	96	0
ASV_213	3	0	32	0
ASV_2130	0	0	7	0
ASV_215	0	0	0	23
ASV_216	176	0	218	0
ASV_22	179	0	0	0
ASV_223	29	0	0	0
ASV_224	47	0	659	81
ASV_225	122	0	307	0
ASV_226	0	152	187	0
ASV_228	182	0	364	21
ASV_2309	0	0	17	0
ASV_231	0	0	213	0
ASV_232	295	0	12	0
ASV_233	0	0	114	0
ASV_234	0	0	74	0
ASV_235	22	0	0	0
ASV_237	427	0	475	0
ASV_238	10	0	0	0
ASV_24	0	135	0	0
ASV_240	26	0	185	0
ASV_241	30	0	0	0
ASV_242	0	0	0	57
ASV_247	0	0	95	0
ASV_248	0	0	135	0
ASV_25	2561	0	2493	0
ASV_251	3	0	0	0
ASV_252	9	0	9	0
ASV_253	0	0	390	0
ASV_2533	3	0	0	0
ASV_257	0	0	0	7
ASV_2598	0	15	0	289
ASV_26	167	0	1087	170
ASV_2639	18	0	88	0
ASV_264	55	0	359	0
ASV_266	284	0	1682	19
ASV_2673	0	0	0	3
ASV_269	0	1762	394	265
ASV_27	2276	0	3042	0
ASV_272	4	0	0	23
ASV_273	0	0	0	12
ASV_274	31	0	385	0
ASV_277	31	0	0	0
ASV_2777	686	0	0	0
ASV_278	22	0	267	0
ASV_2787	48	0	0	0
ASV_2791	0	0	100	0
ASV_280	0	0	365	0
ASV_281	4	0	306	0
ASV_283	230	0	103	0
ASV_284	0	0	0	19
ASV_285	0	0	0	6
ASV_2867	0	0	0	52
ASV_288	16	0	0	0
ASV_29	4	0	0	0
ASV_292	3	0	743	0
ASV_2942	156	0	0	0
ASV_296	28	0	0	0
ASV_299	11	0	0	0
ASV_30	1829	0	519	118
ASV_300	0	0	39	0
ASV_3007	2	0	3	0
ASV_304	71	0	0	0
ASV_3069	0	0	0	46
ASV_31	461	0	144	0
ASV_3100	4	0	0	0
ASV_315	0	0	0	26
ASV_32	0	0	0	10
ASV_320	149	0	5	0
ASV_3245	0	0	0	27
ASV_3253	4	0	56	0
ASV_326	0	0	0	179
ASV_327	10	0	0	0
ASV_33	16	14152	144	18
ASV_332	60	301	308	0
ASV_335	22	0	43	0
ASV_3355	0	0	0	5
ASV_336	65	0	0	0
ASV_3363	0	0	0	32
ASV_337	246	0	0	0
ASV_3372	0	0	266	0
ASV_338	0	0	135	0
ASV_3381	0	0	0	37
ASV_344	0	0	818	0
ASV_348	0	0	0	41
ASV_356	18	0	324	0
ASV_357	16	0	0	0
ASV_3597	543	0	568	0
ASV_36	93	0	39	32
ASV_360	26	0	789	0
ASV_3600	181	0	0	0
ASV_3605	0	0	227	0
ASV_3607	0	1162	1123	617
ASV_3608	0	0	0	66
ASV_3609	0	0	0	56
ASV_3610	6	0	0	0
ASV_3613	1	0	0	0
ASV_3618	6	0	0	0
ASV_3621	6	0	2	0
ASV_3622	0	0	116	0
ASV_3630	7	0	1	0
ASV_3646	0	0	6	9
ASV_365	0	0	75	0
ASV_3650	0	1783	451	92
ASV_3659	0	421	0	0
ASV_367	0	0	0	10
ASV_369	37	0	0	0
ASV_37	0	0	1324	0
ASV_3703	1	0	0	0
ASV_371	15	0	0	21
ASV_3718	513	0	394	36
ASV_372	21	0	6	17
ASV_3739	0	0	613	253
ASV_374	0	0	122	176
ASV_3750	1	0	0	0
ASV_377	0	0	0	9
ASV_380	0	0	427	0
ASV_382	21	0	168	0
ASV_385	6	0	0	0
ASV_389	0	0	0	259
ASV_3892	1	0	0	0
ASV_39	18	0	0	0
ASV_3913	0	0	0	88
ASV_3918	35	0	73	0
ASV_3930	105	0	0	0
ASV_3941	122	0	0	0
ASV_3960	399	0	275	0
ASV_3969	0	0	0	25
ASV_3975	6	0	1	0
ASV_3978	0	0	0	39
ASV_398	0	0	624	0
ASV_3987	42	0	33	0
ASV_399	0	0	126	0
ASV_4	16044	19368	20009	745
ASV_40	0	0	33	0
ASV_4016	0	0	0	8
ASV_4018	74	0	286	0
ASV_402	0	0	24	6
ASV_403	0	0	43	0
ASV_4032	0	0	129	0
ASV_409	45	0	0	0
ASV_41	0	3265	75	154
ASV_4138	0	0	0	10
ASV_4174	1	0	0	0
ASV_4181	0	0	176	175
ASV_42	165	0	91	0
ASV_421	0	0	533	0
ASV_4224	0	0	75	0
ASV_43	16	0	88	0
ASV_439	646	0	216	63
ASV_441	0	82	0	0
ASV_4434	33	0	3	0
ASV_444	139	0	0	0
ASV_4458	0	0	171	33
ASV_4459	9	0	0	0
ASV_45	3	0	0	0
ASV_4518	3	0	0	0
ASV_454	0	133	16	0
ASV_458	0	0	0	17
ASV_46	384	391	397	57
ASV_460	260	0	1715	0
ASV_462	0	512	0	134
ASV_4620	1	0	0	0
ASV_466	3	0	4	0
ASV_467	0	0	68	0
ASV_471	1668	847	527	124
ASV_477	0	1037	0	0
ASV_48	1240	0	68	0
ASV_481	69	0	0	0
ASV_486	31	0	0	0
ASV_4878	0	0	0	21
ASV_488	0	0	780	476
ASV_49	3	0	163	0
ASV_490	0	0	284	0
ASV_4911	0	0	0	6
ASV_4994	0	0	148	0
ASV_50	253	0	835	76
ASV_505	1688	0	0	4
ASV_509	0	0	0	8
ASV_511	57	0	0	0
ASV_5140	0	0	0	38
ASV_5149	0	0	0	4
ASV_519	35	0	419	0
ASV_529	0	0	0	24
ASV_5292	13	0	0	0
ASV_53	0	17379	119	262
ASV_534	0	0	234	0
ASV_5386	5	0	0	0
ASV_539	372	0	338	33
ASV_54	300	0	416	0
ASV_544	61	0	0	0
ASV_547	0	0	108	30
ASV_55	112	1587	0	0
ASV_552	385	0	67	0
ASV_5599	0	0	28	0
ASV_5600	0	0	7	0
ASV_5602	0	0	0	18
ASV_5606	0	0	36	0
ASV_5607	0	0	0	22
ASV_5608	0	0	0	87
ASV_5619	0	84	0	0
ASV_563	0	0	118	0
ASV_564	23	0	64	0
ASV_566	96	0	0	0
ASV_567	51	0	0	0
ASV_568	114	0	0	0
ASV_569	0	0	68	65
ASV_57	8	0	0	0
ASV_5711	13	0	1	0
ASV_572	394	0	0	0
ASV_578	1421	0	134	0
ASV_580	196	0	346	0
ASV_581	0	0	0	7
ASV_585	27	0	13	0
ASV_5876	0	0	27	33
ASV_588	0	0	139	0
ASV_5928	0	88	0	65
ASV_593	0	0	28	0
ASV_595	0	1504	0	27
ASV_5986	0	0	1	8
ASV_599	0	0	0	26
ASV_6	0	0	0	65
ASV_60	0	0	83	0
ASV_6011	0	734	0	104
ASV_604	193	0	0	0
ASV_6045	0	0	23	45
ASV_6069	0	0	0	17
ASV_6074	0	0	0	126
ASV_6109	0	0	4	0
ASV_6125	0	0	0	56
ASV_6137	0	109	0	7
ASV_6143	0	206	0	0
ASV_6182	0	0	97	0
ASV_6209	0	0	4	0
ASV_6235	0	0	0	4
ASV_6260	0	0	0	10
ASV_6263	0	0	64	0
ASV_64	7	0	0	0
ASV_645	0	0	13	0
ASV_647	21	0	0	0
ASV_648	64	0	0	0
ASV_652	6	0	0	0
ASV_654	10	0	229	0
ASV_655	0	0	73	0
ASV_656	0	584	0	0
ASV_658	101	0	547	0
ASV_659	0	0	0	2
ASV_663	14	0	3	0
ASV_6682	0	0	0	9
ASV_67	0	0	3	0
ASV_6722	0	0	2	0
ASV_6745	0	0	292	22
ASV_6769	0	0	0	14
ASV_684	32	0	0	0
ASV_6856	0	1	0	0
ASV_6863	0	110	0	57
ASV_6887	0	330	0	0
ASV_69	88	0	10	0
ASV_695	0	373	0	0
ASV_7	668	43	1610	243
ASV_70	87	0	257	0
ASV_7025	0	0	0	24
ASV_706	17	0	0	0
ASV_7074	0	0	0	4
ASV_71	49	0	4	0
ASV_714	0	136	0	0
ASV_719	2	0	68	0
ASV_7239	0	0	0	9
ASV_73	10	0	0	0
ASV_7301	0	0	0	98
ASV_732	0	0	78	0
ASV_736	0	0	0	84
ASV_740	13	0	0	0
ASV_7474	0	277	0	0
ASV_75	0	26	14	0
ASV_750	68	0	0	0
ASV_7505	0	0	0	53
ASV_756	130	0	335	0
ASV_76	29	296	619	10
ASV_765	10	0	1	0
ASV_77	27	0	0	0
ASV_772	0	0	0	9
ASV_7763	429	100	221	36
ASV_7765	21	0	0	14
ASV_7766	5028	3941	6476	87
ASV_7767	492	0	421	0
ASV_7779	15	0	631	0
ASV_779	378	0	92	0
ASV_7794	211	0	0	0
ASV_7799	22	0	0	0
ASV_7813	119	0	448	0
ASV_782	0	0	0	44
ASV_7839	14	0	0	0
ASV_7846	0	0	1	0
ASV_7854	2	0	0	0
ASV_7861	4	6	0	0
ASV_7870	0	0	628	0
ASV_79	106	0	0	0
ASV_7916	0	0	0	5
ASV_7922	0	0	107	0
ASV_7971	0	0	0	24
ASV_80	241	0	416	15
ASV_8027	0	0	84	0
ASV_804	11	0	0	0
ASV_809	0	117	0	0
ASV_8100	25	0	0	0
ASV_812	9	0	0	0
ASV_816	176	0	252	6
ASV_8260	5	0	0	0
ASV_829	38	0	91	0
ASV_830	5	0	0	0
ASV_832	0	0	78	0
ASV_835	33	0	1095	52
ASV_8400	0	0	11	0
ASV_851	0	0	0	19
ASV_8520	4	0	5	0
ASV_86	4403	5	4013	92
ASV_8652	2	0	0	0
ASV_866	21	0	0	0
ASV_87	285	0	0	0
ASV_8764	5	0	0	0
ASV_877	0	0	0	20
ASV_879	0	977	0	0
ASV_884	7	0	0	0
ASV_89	0	0	129	0
ASV_890	0	0	0	29
ASV_90	140	0	167	61
ASV_901	0	0	156	0
ASV_9027	1	0	0	0
ASV_907	0	0	0	28
ASV_913	349	0	0	0
ASV_9156	0	0	75	0
ASV_921	354	0	0	0
ASV_9268	0	428	0	16
ASV_93	35	0	0	0
ASV_943	0	0	205	440
ASV_948	0	0	217	0
ASV_95	859	0	185	0
ASV_9599	0	0	0	58
ASV_9667	0	0	832	359
ASV_9668	0	2075	547	200
ASV_9669	0	0	0	49
ASV_9672	0	0	356	36
ASV_9673	0	311	238	429
ASV_9674	0	1255	0	0
ASV_9676	0	97	0	123
ASV_9677	0	724	158	0
ASV_9684	0	0	0	245
ASV_9693	0	0	83	0
ASV_9699	0	0	191	66
ASV_9703	0	931	0	0
ASV_9709	0	0	0	50
ASV_9721	0	0	234	0
ASV_9732	0	0	0	17
ASV_9760	0	0	0	44
ASV_9766	0	0	0	3
ASV_9775	0	0	0	32
ASV_9779	0	0	0	178
ASV_98	16	0	0	0
ASV_9817	0	427	0	0
ASV_9818	0	0	0	65
ASV_9829	0	638	0	0
ASV_9832	0	0	0	17
ASV_9833	0	0	0	17
ASV_9835	0	0	0	10
ASV_9841	0	0	0	76
ASV_9848	0	632	0	0
ASV_985	8	0	7	0
ASV_9850	0	0	4	0
ASV_9862	0	533	0	0
ASV_9864	0	0	0	2
ASV_9867	0	525	0	0
ASV_9869	0	541	0	0
ASV_9872	0	0	241	0
ASV_9874	0	158	0	6
ASV_9879	0	521	0	0
ASV_9880	0	558	0	0
ASV_9884	0	0	329	0
ASV_9895	0	481	0	0
ASV_9896	0	501	0	0
ASV_99	0	0	45	0
ASV_9916	0	0	6	0
ASV_9923	0	342	0	0
ASV_9936	0	0	0	36
ASV_9973	0	328	0	0
ASV_9976	0	308	0	0
ASV_9981	0	346	0	0
ASV_9997	0	0	0	9
