	F_Day_0_DSS_E	O_Day_0_DSS_E	O_Day_7_DSS_E	F_Day_3_DSS_E	F_Day_7_DSS_E
ASV_10	116	0	0	0	0
ASV_100	29	0	0	7	0
ASV_10021	0	15	0	0	0
ASV_10077	0	222	0	0	0
ASV_101	18	0	474	8	0
ASV_10111	0	0	8	0	0
ASV_10112	0	257	0	0	0
ASV_10139	0	0	5	5	0
ASV_10190	0	186	0	0	0
ASV_10204	0	0	4	0	0
ASV_10252	0	0	5	0	0
ASV_1026	0	0	101	54	0
ASV_10288	0	0	9	0	0
ASV_1031	0	0	0	7	0
ASV_10337	0	0	11	0	0
ASV_10340	0	0	17	0	0
ASV_10399	0	0	2	0	0
ASV_104	113	0	60	260	0
ASV_10427	0	63	0	0	0
ASV_10472	0	0	6	0	0
ASV_10484	0	100	0	0	0
ASV_1051	12	0	0	0	0
ASV_10540	0	0	62	0	0
ASV_1056	150	0	26	11	0
ASV_10585	0	49	0	0	0
ASV_106	266	0	23	70	0
ASV_10669	6	0	0	0	0
ASV_107	42	0	9	0	0
ASV_10722	7	0	8	0	0
ASV_10728	0	0	2	0	0
ASV_1073	24	0	118	0	0
ASV_108	0	0	18	16	0
ASV_1084	14	0	0	9	0
ASV_109	223	0	7842	99	0
ASV_10914	2	0	0	0	0
ASV_10928	0	12	0	0	0
ASV_11	483	356	618	123	0
ASV_110	0	0	276	0	0
ASV_11021	0	0	31	0	0
ASV_11022	12	0	0	0	0
ASV_11023	1	0	10	6	0
ASV_11088	6	0	0	1	0
ASV_111	0	0	32	0	0
ASV_11168	0	0	5	0	0
ASV_11170	0	0	31	0	0
ASV_11172	4	0	0	0	0
ASV_11184	0	0	4	0	0
ASV_11200	0	0	11	0	0
ASV_1121	0	0	219	0	0
ASV_11269	2	0	0	0	0
ASV_11275	0	0	1	0	0
ASV_11293	0	30	0	0	0
ASV_113	2707	0	546	221	0
ASV_11316	0	0	1	0	0
ASV_11341	0	28	0	0	0
ASV_11360	0	0	16	0	0
ASV_11379	0	4	0	0	0
ASV_1138	93	0	162	23	0
ASV_11420	0	0	0	10	0
ASV_11454	0	0	10	0	0
ASV_11472	0	0	10	0	0
ASV_1148	0	0	25	0	0
ASV_11481	0	9	0	0	0
ASV_115	48	0	213	370	0
ASV_11513	0	0	18	0	0
ASV_11515	0	0	9	0	0
ASV_11547	0	15	0	0	0
ASV_11548	0	12	0	0	0
ASV_11571	17	0	0	0	0
ASV_11593	0	7	0	0	0
ASV_11594	0	11	0	0	0
ASV_116	266	0	0	60	0
ASV_11621	0	0	7	0	0
ASV_11622	0	0	11	0	0
ASV_11658	0	6	0	0	0
ASV_1169	23	0	0	36	0
ASV_11690	0	0	6	0	0
ASV_117	0	0	71	0	0
ASV_11773	0	0	10	0	0
ASV_11774	0	0	11	0	0
ASV_11775	0	0	5	0	0
ASV_11776	0	0	5	0	0
ASV_11850	0	0	4	0	0
ASV_11855	3	0	0	0	0
ASV_11866	0	0	0	3	0
ASV_119	2127	0	29	2738	0
ASV_11930	0	0	3	0	0
ASV_11931	0	0	3	0	0
ASV_11933	0	0	3	0	0
ASV_11934	0	0	3	0	0
ASV_11935	0	0	3	0	0
ASV_11936	0	0	8	0	0
ASV_11937	0	0	3	0	0
ASV_12007	0	0	2	0	0
ASV_12008	0	0	2	0	0
ASV_12016	1	0	0	0	0
ASV_12020	0	0	0	2	0
ASV_12036	0	0	1	0	0
ASV_12095	4	0	0	0	0
ASV_121	25	0	104	225	2
ASV_12103	0	10	0	0	0
ASV_12106	0	0	10	0	0
ASV_12107	9	0	0	0	0
ASV_12109	0	0	0	1	0
ASV_1212	0	27	31	0	0
ASV_1214	0	0	0	6	0
ASV_12160	0	0	5	0	0
ASV_12179	0	4	0	0	0
ASV_12189	0	0	4	0	0
ASV_12190	0	0	4	0	0
ASV_12199	0	0	0	3	0
ASV_12200	0	0	0	3	0
ASV_12223	0	0	3	0	0
ASV_12224	0	0	3	0	0
ASV_12225	0	0	3	0	0
ASV_12229	2	0	0	0	0
ASV_1225	11	0	49	9	0
ASV_12256	0	0	2	0	0
ASV_12257	0	0	2	0	0
ASV_12258	0	0	2	0	0
ASV_12259	0	0	2	0	0
ASV_12260	0	0	2	0	0
ASV_12272	1	0	0	0	0
ASV_12273	1	0	0	0	0
ASV_12274	1	0	0	0	0
ASV_12275	1	0	0	0	0
ASV_12293	0	0	1	0	0
ASV_12294	0	0	1	0	0
ASV_12295	0	0	1	0	0
ASV_12296	0	0	1	0	0
ASV_123	698	0	0	0	0
ASV_124	866	0	217	10	0
ASV_126	105	0	1239	118	0
ASV_129	64	0	75	0	0
ASV_1296	0	0	0	4	0
ASV_13	0	636	207	0	0
ASV_130	111	0	18	53	0
ASV_131	0	0	81	23	0
ASV_1318	0	9	0	0	0
ASV_1327	0	0	13	0	0
ASV_1364	18	0	87	77	0
ASV_137	44	0	38	0	0
ASV_1392	103	0	176	78	0
ASV_14	11	8757	517	3	0
ASV_140	79	0	0	0	0
ASV_141	25	0	526	0	0
ASV_142	205	0	2649	2072	0
ASV_1446	0	33	0	0	0
ASV_146	0	0	50	0	0
ASV_147	69	0	31	12	0
ASV_148	134	0	245	246	0
ASV_149	0	0	42	0	0
ASV_150	181	0	35	0	0
ASV_152	11	0	75	13	0
ASV_1527	7	0	0	0	0
ASV_1552	0	0	15	0	0
ASV_156	10	0	0	5	0
ASV_158	56	0	0	0	0
ASV_161	21	0	46	32	0
ASV_162	116	0	317	38	0
ASV_164	20	0	0	0	0
ASV_1645	0	0	23	27	0
ASV_166	88	0	53	22	0
ASV_1670	0	0	9	0	0
ASV_1675	0	0	4	0	0
ASV_169	985	0	7062	1631	0
ASV_17	343	0	0	23	0
ASV_172	61	0	0	5	0
ASV_1736	0	0	3	9	0
ASV_1737	0	0	0	4	0
ASV_1738	23	0	0	0	0
ASV_174	40	0	0	0	0
ASV_175	48	0	0	45	0
ASV_177	0	0	6	0	0
ASV_178	93	0	27	244	0
ASV_1814	0	0	17	0	0
ASV_182	348	0	1718	648	0
ASV_1823	0	115	71	0	0
ASV_1835	0	0	4	0	0
ASV_184	6	0	1029	7404	0
ASV_186	129	0	0	40	0
ASV_187	75	0	2261	0	0
ASV_188	174	0	0	0	0
ASV_189	331	0	11	1151	0
ASV_191	0	0	39	7	0
ASV_1912	0	0	28	0	0
ASV_1923	0	0	167	0	0
ASV_195	0	0	211	75	0
ASV_2	3298	6004	302	0	0
ASV_2009	75	0	0	0	0
ASV_201	0	38	0	0	0
ASV_2065	0	0	0	2	0
ASV_2075	1	0	0	0	0
ASV_209	0	0	0	17	0
ASV_21	18	0	2320	599	0
ASV_210	25	0	0	0	0
ASV_211	669	0	3	0	0
ASV_212	80	0	125	0	0
ASV_213	62	380	54	4	0
ASV_216	276	498	67	7	0
ASV_22	600	337	58	80	0
ASV_220	20	0	42	21	0
ASV_224	252	0	0	0	0
ASV_225	139	0	2293	382	0
ASV_226	92	0	0	0	0
ASV_228	495	0	15	81	0
ASV_2307	0	0	171	10	0
ASV_2309	18	0	2	2	0
ASV_231	0	0	233	106	0
ASV_232	561	0	32	422	0
ASV_233	33	0	3	12	0
ASV_2336	0	0	4	0	0
ASV_234	0	0	210	50	0
ASV_235	0	0	61	0	0
ASV_237	755	0	69	1204	0
ASV_238	96	0	0	0	0
ASV_2385	0	0	10	0	0
ASV_239	11	0	0	0	0
ASV_24	0	169	0	0	0
ASV_240	59	0	35	11	0
ASV_241	33	0	34	35	0
ASV_247	43	0	0	0	0
ASV_248	106	0	47	70	0
ASV_25	2226	0	1377	2096	2
ASV_251	57	0	244	8	0
ASV_252	20	0	0	0	0
ASV_253	13	0	228	288	0
ASV_2533	6	0	0	0	0
ASV_256	0	0	25	6	0
ASV_2598	0	0	27	0	0
ASV_26	3528	24	21908	1943	0
ASV_262	2	0	97	0	0
ASV_263	17	0	0	0	0
ASV_2639	24	0	0	0	0
ASV_264	97	129	0	0	0
ASV_266	0	0	381	22	0
ASV_2663	0	0	62	9	0
ASV_269	68	0	2321	0	0
ASV_27	194	0	177	94	7
ASV_271	17	0	76	0	0
ASV_272	0	0	14	0	0
ASV_274	90	0	0	0	0
ASV_277	34	0	22	10	0
ASV_2777	953	0	0	141	0
ASV_278	196	0	0	0	0
ASV_2787	573	0	475	235	0
ASV_280	37	0	329	51	0
ASV_281	0	0	128	22	0
ASV_283	973	134	103	13	0
ASV_285	0	17434	20	0	0
ASV_288	0	0	19	22	0
ASV_289	0	0	37	0	0
ASV_29	33	0	0	0	0
ASV_2909	0	0	98	0	0
ASV_292	57	0	152	10	0
ASV_2942	98	0	0	0	0
ASV_296	62	0	184	0	0
ASV_299	32	0	0	0	0
ASV_30	1717	0	3222	2758	0
ASV_3007	0	0	1	0	0
ASV_301	45	0	0	3	0
ASV_304	203	0	186	78	0
ASV_3069	0	0	131	0	0
ASV_307	0	0	30	0	0
ASV_31	204	0	0	0	0
ASV_3100	16	0	216	9	0
ASV_3141	0	0	65	0	0
ASV_32	7	0	5289	11	0
ASV_320	229	0	114	82	0
ASV_3221	0	0	3	0	0
ASV_3231	6	0	0	0	0
ASV_3253	0	0	0	3	0
ASV_326	28	0	0	0	0
ASV_327	16	0	0	12	0
ASV_329	0	0	67	0	0
ASV_33	87	18013	1162	26	2
ASV_332	108	0	558	18	0
ASV_335	59	0	130	0	0
ASV_336	74	0	112	76	0
ASV_337	333	0	44	112	0
ASV_338	0	0	68	0	0
ASV_3393	0	218	0	43	0
ASV_3395	3	0	0	0	0
ASV_340	6	0	67	0	0
ASV_342	22	0	0	221	0
ASV_344	0	27	253	0	0
ASV_346	0	0	89	0	0
ASV_356	45	0	242	0	0
ASV_357	31	0	0	0	0
ASV_358	0	0	9	0	0
ASV_3597	1132	0	4600	3433	0
ASV_36	147	0	5	0	0
ASV_360	74	105	636	327	0
ASV_3600	550	0	64	109	0
ASV_3607	34	128	168	3	0
ASV_361	0	0	19	6	0
ASV_3610	2	0	0	0	0
ASV_3613	9	0	11	9	0
ASV_3618	1	0	0	1	0
ASV_3621	34	0	115	0	0
ASV_3622	41	145	0	0	0
ASV_3631	0	0	1	0	0
ASV_3636	0	0	1	0	0
ASV_3646	3	0	0	0	0
ASV_365	33	0	151	15	0
ASV_3650	1	77	13	0	0
ASV_3657	0	0	0	1	0
ASV_3659	0	0	13	0	0
ASV_366	0	0	10	0	0
ASV_367	0	0	13	0	0
ASV_369	108	0	420	39	0
ASV_37	43	0	0	0	0
ASV_370	0	0	81	23	0
ASV_3703	0	0	2	0	0
ASV_371	14	0	121	0	0
ASV_3715	5	0	0	0	0
ASV_3718	0	0	0	7	0
ASV_372	44	0	119	19	0
ASV_374	0	0	116	0	0
ASV_3763	0	42	26	0	0
ASV_3769	0	0	10	0	0
ASV_380	172	0	2610	1468	0
ASV_382	65	0	0	0	0
ASV_3842	0	5	0	12	0
ASV_385	0	0	0	12	0
ASV_3867	10	0	0	0	0
ASV_389	19	0	1147	0	0
ASV_3892	0	0	0	1	0
ASV_39	46	0	137	0	0
ASV_390	4	0	38	0	0
ASV_391	0	0	156	0	0
ASV_3918	85	0	86	6	0
ASV_3930	251	0	0	15	0
ASV_3941	319	0	0	44	0
ASV_395	0	0	11	0	0
ASV_3960	251	0	810	1235	2
ASV_3975	32	0	0	0	0
ASV_3987	346	0	1291	27	0
ASV_4	54004	141	85755	11853	27
ASV_40	0	0	0	0	3
ASV_400	57	0	0	0	0
ASV_4000	0	0	3	0	0
ASV_4011	0	0	5	0	0
ASV_4016	0	0	19	0	0
ASV_4018	175	940	0	0	0
ASV_4032	13	0	187	21	0
ASV_404	0	0	23	0	0
ASV_408	60	0	66	0	0
ASV_409	413	0	65	0	0
ASV_41	0	0	112	0	0
ASV_413	0	0	10	0	0
ASV_4138	0	0	6	0	0
ASV_4174	1	0	9	8	0
ASV_4181	0	0	14	0	0
ASV_419	0	0	15	0	0
ASV_42	785	25	0	0	0
ASV_424	0	181	0	0	0
ASV_425	41	0	0	0	0
ASV_426	0	0	23	0	0
ASV_43	159	6	12	0	0
ASV_4303	0	0	148	0	0
ASV_433	4	0	0	0	0
ASV_436	0	0	3	0	0
ASV_4386	9	0	0	0	0
ASV_439	213	0	0	0	0
ASV_44	0	0	526	92	0
ASV_441	0	0	2	0	0
ASV_4434	24	0	327	0	0
ASV_445	0	0	8	0	0
ASV_45	9	0	456	11	0
ASV_4518	0	0	3	0	0
ASV_453	0	0	180	0	0
ASV_46	292	14	832	0	0
ASV_460	219	0	103	1058	2
ASV_461	0	0	0	5	0
ASV_462	38	0	1014	0	0
ASV_466	8	0	0	74	0
ASV_467	0	141	18	0	0
ASV_47	0	0	8	0	0
ASV_471	6498	0	1096	82	3
ASV_477	0	0	30	0	0
ASV_48	2757	1433	759	545	0
ASV_481	101	0	73	0	0
ASV_486	62	0	0	0	0
ASV_4878	0	0	12	0	0
ASV_488	0	0	58	0	0
ASV_49	145	0	0	0	0
ASV_493	286	0	0	491	0
ASV_4994	20	0	3301	180	0
ASV_50	1992	4129	646	32	0
ASV_505	176	0	925	165	0
ASV_506	11	0	20	22	0
ASV_511	61	0	53	148	0
ASV_519	50	0	85	91	0
ASV_527	0	0	11	0	0
ASV_528	0	0	5	0	0
ASV_5292	2	0	0	0	0
ASV_53	0	9358	689	0	0
ASV_534	50	71	0	0	0
ASV_539	121	170	0	0	0
ASV_54	333	0	427	259	0
ASV_5409	0	14	0	15	0
ASV_543	0	0	11	0	0
ASV_544	0	0	4	86	0
ASV_547	60	0	375	71	0
ASV_55	336	0	0	0	0
ASV_552	119	0	6	0	0
ASV_5599	0	0	0	7	461
ASV_5600	0	0	3	0	125
ASV_5602	0	0	0	0	8
ASV_5605	0	0	0	0	11
ASV_5606	8	0	0	12	618
ASV_5608	0	0	0	0	351
ASV_563	0	0	19	0	0
ASV_564	9	0	0	3	0
ASV_566	74	0	17	18	0
ASV_567	0	0	1325	302	0
ASV_5675	0	0	25	0	0
ASV_568	82	0	144	104	0
ASV_5682	0	0	4	0	0
ASV_57	23	0	10	0	0
ASV_571	0	0	40	0	0
ASV_5711	5	0	0	8	0
ASV_572	130	0	0	0	0
ASV_578	2619	0	59	3	0
ASV_580	95	0	208	438	0
ASV_585	26	0	38	36	0
ASV_5856	0	0	18	13	0
ASV_5876	0	24	26	0	0
ASV_5888	0	0	7	0	0
ASV_5928	0	0	32	0	0
ASV_596	20	0	0	0	0
ASV_5966	0	0	37	0	0
ASV_5986	1	0	0	0	0
ASV_6011	0	0	24	0	0
ASV_604	59	0	115	275	0
ASV_6045	0	64	21	0	0
ASV_609	0	0	75	0	0
ASV_6109	0	0	15	0	0
ASV_6140	0	0	5	0	0
ASV_6143	0	48	0	0	0
ASV_615	0	0	4	0	0
ASV_6202	0	0	23	0	0
ASV_6310	0	18	9	0	0
ASV_633	0	0	5	0	0
ASV_64	69	0	71	5	0
ASV_647	35	0	0	0	0
ASV_648	62	0	0	31	0
ASV_65	0	0	10	0	0
ASV_6507	0	0	7	0	0
ASV_652	0	0	10	0	0
ASV_6536	0	790	0	0	0
ASV_654	0	0	49	18	0
ASV_655	62	0	0	0	0
ASV_656	0	0	130	0	0
ASV_658	0	0	38	0	0
ASV_659	0	301	42	0	0
ASV_662	0	64	0	0	0
ASV_663	73	0	0	25	0
ASV_6682	0	0	6	0	0
ASV_67	14	0	5	0	0
ASV_68	0	0	70	0	0
ASV_684	60	0	0	94	0
ASV_6856	0	0	3	0	0
ASV_6863	0	0	10	0	0
ASV_69	81	0	23	0	0
ASV_7	2240	988	17570	469	12
ASV_70	44	0	96	29	0
ASV_706	46	0	77	37	0
ASV_707	0	0	3	0	0
ASV_71	442	0	269	8	0
ASV_711	0	0	0	20	0
ASV_712	0	0	0	5	0
ASV_719	16	0	126	28	0
ASV_72	42	0	0	0	0
ASV_729	0	0	22	0	0
ASV_73	336	0	448	0	0
ASV_730	0	0	9	0	0
ASV_732	0	45	0	0	0
ASV_737	17	0	24	0	0
ASV_7395	0	0	32	0	0
ASV_74	0	0	0	142	0
ASV_740	63	0	76	0	0
ASV_741	0	0	0	4	0
ASV_7456	0	16	0	0	0
ASV_750	10	0	1	49	0
ASV_756	75	0	113	61	0
ASV_7570	0	0	5	0	0
ASV_76	427	0	0	24	0
ASV_765	2	0	18	0	0
ASV_7663	0	0	7	0	0
ASV_77	90	0	38	4	0
ASV_772	0	0	6	0	0
ASV_7763	592	0	0	0	0
ASV_7765	63	0	148	0	0
ASV_7766	13875	65	5915	2011	0
ASV_7767	3	0	0	0	0
ASV_7779	301	0	3525	1989	0
ASV_779	62	0	404	683	0
ASV_7794	2	0	303	0	0
ASV_7798	4	0	24	0	0
ASV_7799	97	0	0	70	0
ASV_7813	0	0	166	46	0
ASV_782	0	0	25	0	0
ASV_7870	0	682	0	0	0
ASV_79	139	0	87	0	0
ASV_7973	0	0	201	0	0
ASV_80	340	0	84	55	0
ASV_804	104	0	48	29	0
ASV_805	0	15	0	0	0
ASV_8100	248	8	407	33	0
ASV_8118	19	0	0	13	0
ASV_8229	0	0	1	5	0
ASV_8260	0	0	37	0	0
ASV_829	44	0	173	16	0
ASV_835	83	0	213	24	0
ASV_836	0	0	9	0	0
ASV_8391	1	0	0	0	0
ASV_8425	5	0	1	4	0
ASV_8517	0	0	8	0	0
ASV_8520	7	0	2	0	0
ASV_8521	3	0	1	0	0
ASV_86	9648	0	95407	32455	11
ASV_866	12	0	0	0	0
ASV_87	218	0	280	65	0
ASV_879	0	0	67	18	0
ASV_884	0	0	19	0	0
ASV_89	23	0	38	0	0
ASV_8948	0	0	15	0	0
ASV_90	164	0	127	0	0
ASV_901	0	0	73	0	0
ASV_9091	0	0	1	3	0
ASV_913	678	0	0	0	0
ASV_9155	0	0	0	15	0
ASV_921	670	0	0	0	0
ASV_9268	0	123	3	0	0
ASV_93	75	0	0	0	0
ASV_933	0	0	7	0	0
ASV_9478	0	0	1	0	0
ASV_95	311	0	0	1423	0
ASV_950	5	0	2	6	0
ASV_9599	0	0	3	0	0
ASV_9667	7	0	25	0	0
ASV_9668	4	41	25	0	0
ASV_9673	0	0	20	0	0
ASV_9674	0	0	39	0	0
ASV_9676	0	0	14	0	0
ASV_9678	0	286	0	0	0
ASV_9684	0	0	19	0	0
ASV_9685	0	222	0	54	0
ASV_9688	0	0	17	0	0
ASV_9693	0	110	0	0	0
ASV_9721	3	83	5	0	0
ASV_9776	0	14	0	0	0
ASV_979	21	0	0	0	0
ASV_98	48	0	0	0	0
ASV_9822	0	0	5	0	0
ASV_9846	0	0	7	0	0
ASV_985	11	0	16	7	0
ASV_9851	0	28	0	0	0
ASV_99	0	0	1718	0	0
ASV_9916	16	0	22	0	0
ASV_9936	0	188	0	0	0
ASV_9947	0	0	9	0	0
ASV_9958	0	0	4	0	0
ASV_9968	0	367	0	0	0
