	F_Day_0_Control_A	O_Day_0_Control_A	F_Day_7_Control_A	O_Day_7_Control_A	O_Day_3_Control_A	F_Day_3_Control_A
ASV_10014	0	0	0	0	322	0
ASV_10015	0	0	0	29	37	0
ASV_1002	0	0	0	0	12	0
ASV_10021	0	245	0	0	0	0
ASV_10025	0	321	0	0	0	0
ASV_10048	0	312	0	0	0	0
ASV_10056	0	0	0	0	283	0
ASV_10059	0	0	0	0	286	0
ASV_10080	0	259	0	0	0	0
ASV_10097	0	228	0	0	0	0
ASV_10103	0	0	0	0	220	0
ASV_10145	0	0	0	0	218	0
ASV_10150	0	0	0	0	227	0
ASV_10157	0	0	0	0	207	0
ASV_10169	0	0	0	0	202	0
ASV_10172	0	0	0	0	192	0
ASV_10204	19	0	30	0	0	0
ASV_1026	0	0	15	0	0	31
ASV_10272	0	87	0	0	0	0
ASV_10291	0	0	0	0	62	0
ASV_10296	0	151	0	0	0	0
ASV_1030	6	0	0	0	0	0
ASV_10304	0	164	0	0	0	0
ASV_10321	0	0	0	0	131	0
ASV_10322	0	0	0	13	0	0
ASV_10326	0	0	0	0	134	0
ASV_10368	0	146	0	0	0	0
ASV_10371	0	0	0	0	122	0
ASV_10397	0	0	0	0	116	0
ASV_10399	0	0	14	0	0	0
ASV_104	320	0	113	0	0	573
ASV_10428	0	0	0	0	109	0
ASV_10429	0	0	0	0	114	0
ASV_10433	1	0	0	0	0	0
ASV_10445	0	0	0	0	2	0
ASV_10482	0	99	0	0	0	0
ASV_10507	0	53	0	0	0	0
ASV_1051	6	0	0	0	0	6
ASV_1052	0	0	0	0	14	0
ASV_1056	0	0	43	0	0	31
ASV_10560	0	87	0	0	0	0
ASV_10563	0	86	0	0	0	0
ASV_10580	0	0	0	19	0	0
ASV_106	29	0	22	0	0	87
ASV_10614	0	0	0	9	0	0
ASV_10645	0	0	0	7	0	0
ASV_10654	0	0	0	0	72	0
ASV_10657	0	0	0	0	35	0
ASV_10664	0	0	0	0	68	0
ASV_10669	0	0	0	0	0	10
ASV_10678	0	0	0	0	0	14
ASV_107	109	0	13	0	0	92
ASV_10719	0	0	0	0	63	0
ASV_10722	0	0	2	0	0	0
ASV_1073	24	0	28	0	0	10
ASV_10760	0	62	0	0	0	0
ASV_10777	0	0	0	0	30	0
ASV_1084	31	0	16	0	0	66
ASV_10851	0	0	0	0	60	0
ASV_10873	0	0	0	0	48	0
ASV_109	461	0	184	92	2680	290
ASV_10950	0	0	0	2	0	0
ASV_10961	11	0	0	0	0	0
ASV_11	23	0	151	0	271	60
ASV_110	0	0	0	0	84	0
ASV_11022	2	0	3	0	0	5
ASV_11031	0	0	0	0	0	21
ASV_11045	0	0	0	0	21	0
ASV_11088	2	0	0	0	0	0
ASV_11172	2	0	0	0	0	0
ASV_112	67	0	57	0	0	109
ASV_11210	0	0	3	0	0	0
ASV_11233	0	0	0	0	24	0
ASV_11275	0	0	0	0	0	1
ASV_113	5202	0	1694	6	49	586
ASV_11348	0	0	0	0	26	0
ASV_11349	0	0	0	0	18	0
ASV_1138	121	0	40	0	0	11
ASV_11398	0	0	0	0	19	0
ASV_11491	0	0	0	0	18	0
ASV_11492	0	0	0	0	9	0
ASV_115	211	0	122	0	0	677
ASV_11505	0	0	0	9	0	0
ASV_11534	0	13	0	0	0	0
ASV_11550	0	0	0	0	8	0
ASV_11563	0	0	0	13	0	0
ASV_11564	0	0	0	8	0	0
ASV_11580	0	0	0	0	0	7
ASV_116	152	0	121	0	0	58
ASV_11614	0	0	0	7	0	0
ASV_11615	0	0	0	7	0	0
ASV_11616	0	0	0	13	0	0
ASV_11623	1	0	0	0	0	0
ASV_11666	0	0	0	0	9	0
ASV_11682	0	0	0	6	0	0
ASV_11683	0	0	0	10	0	0
ASV_11684	0	0	0	6	0	0
ASV_1169	0	0	0	0	0	1
ASV_117	119	0	4	0	0	25
ASV_11716	0	5	0	0	0	0
ASV_11731	0	0	0	0	9	0
ASV_11732	0	0	0	0	5	0
ASV_11840	0	0	0	4	0	0
ASV_11841	0	0	0	4	0	0
ASV_11842	0	0	0	4	0	0
ASV_11843	0	0	0	4	0	0
ASV_119	0	0	264	0	0	2342
ASV_11902	0	0	0	0	7	0
ASV_11915	0	0	0	3	0	0
ASV_1193	7	0	4	0	0	21
ASV_11976	0	0	0	1	0	0
ASV_11995	0	0	0	2	0	0
ASV_11996	0	0	0	2	0	0
ASV_11997	0	0	0	2	0	0
ASV_11998	0	0	0	2	0	0
ASV_12022	0	0	1	0	0	0
ASV_121	52	0	17	4	0	281
ASV_12109	0	0	0	5	0	0
ASV_1212	0	0	0	4	0	0
ASV_12133	6	0	0	0	0	0
ASV_12137	0	0	4	0	0	2
ASV_12149	0	5	0	0	0	0
ASV_12158	0	0	0	5	0	0
ASV_12166	0	0	0	2	0	0
ASV_12182	0	0	0	0	4	0
ASV_122	0	0	0	0	0	109
ASV_12210	0	0	0	0	3	0
ASV_12217	0	0	0	3	0	0
ASV_12218	0	0	0	3	0	0
ASV_12253	0	0	0	2	0	0
ASV_12269	1	0	0	0	0	0
ASV_12270	1	0	0	0	0	0
ASV_123	1497	0	0	0	0	22
ASV_124	58	0	125	0	715	382
ASV_125	0	0	0	31	0	0
ASV_126	29	0	35	0	0	38
ASV_129	221	0	127	0	724	252
ASV_1296	1	0	0	0	0	0
ASV_13	0	997	0	56	864	0
ASV_130	116	0	31	0	0	54
ASV_131	107	0	65	0	585	160
ASV_1364	26	0	30	8	0	201
ASV_137	31	0	35	0	26	35
ASV_1392	122	0	0	0	0	0
ASV_14	6	8929	54	692	258	69
ASV_140	0	0	8	0	0	80
ASV_142	1335	0	747	26	133	5333
ASV_146	0	0	33	34	1214	55
ASV_147	572	0	62	0	85	464
ASV_148	910	0	146	0	0	1119
ASV_149	140	0	85	0	0	685
ASV_1496	0	0	0	3	0	0
ASV_150	147	0	81	0	0	228
ASV_152	13	0	13	0	242	8
ASV_1545	0	0	0	16	0	0
ASV_155	74	0	27	0	149	74
ASV_156	14	0	0	0	0	32
ASV_158	25	0	24	18	19	27
ASV_159	0	0	0	2	0	0
ASV_161	122	0	23	0	0	152
ASV_1610	0	0	68	0	0	3
ASV_162	461	0	12	4	0	72
ASV_164	7	0	0	0	0	21
ASV_1645	0	0	16	0	0	0
ASV_166	148	0	47	0	0	453
ASV_169	949	0	278	26	0	2706
ASV_17	0	0	0	0	0	81
ASV_172	508	0	0	0	0	430
ASV_1736	4	0	0	0	0	3
ASV_1737	5	0	0	0	0	0
ASV_174	0	0	0	0	0	56
ASV_175	14	0	26	0	0	243
ASV_1759	0	0	0	5	0	0
ASV_178	311	0	24	0	0	141
ASV_181	0	0	0	13	0	0
ASV_1814	0	0	0	0	323	0
ASV_182	1122	2765	285	0	8	2772
ASV_1823	0	1679	2	25	3119	0
ASV_184	147	0	272	3	0	23
ASV_186	37	0	0	0	0	0
ASV_187	65	0	0	27	723	37
ASV_188	304	0	45	0	0	47
ASV_189	66	0	0	0	0	92
ASV_1895	0	0	0	6	0	0
ASV_191	0	0	9	0	161	13
ASV_1912	0	0	0	17	0	0
ASV_2	3467	44677	807	234	9422	760
ASV_2009	406	0	32	0	0	26
ASV_2038	0	0	0	8	0	0
ASV_2065	11	0	0	0	0	17
ASV_2075	1	0	0	0	0	1
ASV_209	21	0	16	0	0	59
ASV_21	4571	0	1997	8	862	7344
ASV_210	0	0	0	0	0	172
ASV_211	393	0	94	4	0	182
ASV_212	1223	0	88	0	0	139
ASV_213	107	0	13	0	0	41
ASV_216	862	0	241	0	0	1438
ASV_22	0	0	0	0	479	132
ASV_220	43	0	39	0	0	10
ASV_223	7	0	9	0	0	14
ASV_224	139	0	93	0	169	255
ASV_225	242	0	51	0	0	179
ASV_226	179	0	86	27	112	85
ASV_228	415	0	91	0	0	410
ASV_2309	2	0	0	0	0	1
ASV_231	26	0	132	0	163	297
ASV_232	754	0	160	0	0	505
ASV_233	33	0	35	0	0	67
ASV_234	0	0	0	0	0	22
ASV_237	868	0	210	0	0	966
ASV_238	51	0	20	0	0	63
ASV_24	0	0	0	11	0	0
ASV_240	0	0	10	0	0	20
ASV_241	44	0	34	0	0	276
ASV_247	12	0	7	0	0	0
ASV_248	66	0	11	0	0	191
ASV_249	6	0	0	0	0	0
ASV_25	3049	0	701	0	90	12406
ASV_251	68	0	26	0	350	14
ASV_252	5	0	0	0	0	0
ASV_253	0	0	102	0	0	6
ASV_2533	2	0	0	0	0	2
ASV_256	211	0	10	0	0	0
ASV_2598	0	3617	0	11	584	0
ASV_26	2561	0	526	0	0	582
ASV_262	0	0	0	6	0	0
ASV_2627	0	0	0	2	0	0
ASV_263	52	0	20	0	0	11
ASV_2639	10	0	7	0	0	75
ASV_264	184	1604	79	0	0	68
ASV_266	425	0	248	14	396	1570
ASV_269	134	0	25	0	419	84
ASV_27	1895	0	233	0	0	1340
ASV_271	6	0	0	0	0	0
ASV_274	133	0	107	0	180	128
ASV_277	63	0	0	0	0	65
ASV_2777	0	0	0	0	0	395
ASV_278	74	0	26	0	28	125
ASV_2787	96	0	0	0	0	90
ASV_280	45	0	46	33	442	14
ASV_281	921	0	42	0	0	48
ASV_283	265	0	9	0	0	64
ASV_285	0	51165	0	1205	694	0
ASV_288	0	0	0	0	0	120
ASV_292	147	0	31	0	0	152
ASV_2942	140	0	11	0	0	148
ASV_296	33	0	0	0	0	19
ASV_299	16	0	92	0	592	87
ASV_30	1417	0	445	5	867	2016
ASV_301	36	0	3	0	0	42
ASV_304	89	0	26	0	0	124
ASV_306	16	0	0	0	0	0
ASV_3087	0	0	0	2	0	0
ASV_31	43	0	0	0	0	77
ASV_320	44	0	62	0	0	192
ASV_323	0	0	0	0	0	67
ASV_327	24	0	5	0	0	53
ASV_33	53	97995	89	13010	5853	307
ASV_332	35	0	29	0	163	27
ASV_335	92	0	24	13	0	136
ASV_336	45	0	0	0	0	264
ASV_337	364	0	135	0	0	113
ASV_3372	638	0	366	9	285	1437
ASV_342	278	0	14	0	0	124
ASV_344	47	0	56	0	0	65
ASV_348	0	0	0	4	0	0
ASV_350	82	0	337	0	0	198
ASV_3542	0	0	2	0	0	0
ASV_356	108	0	34	0	0	498
ASV_357	9	0	0	0	0	55
ASV_358	0	0	0	7	0	0
ASV_3597	1125	0	0	0	0	114
ASV_36	200	0	185	0	28	228
ASV_360	287	0	250	14	541	478
ASV_3600	194	0	111	0	0	638
ASV_3607	0	0	6	62	0	0
ASV_361	5	0	6	0	0	20
ASV_3610	3	0	0	0	0	1
ASV_3618	0	0	0	0	0	4
ASV_3621	1	0	3	0	0	16
ASV_3622	343	0	124	0	0	220
ASV_3628	0	0	0	0	1090	0
ASV_3630	3	0	5	0	0	31
ASV_3631	0	0	0	0	0	3
ASV_3646	34	0	11	0	0	58
ASV_365	0	0	4	0	280	44
ASV_3650	0	1542	3	15	0	0
ASV_3657	2	0	0	0	0	2
ASV_3659	0	0	0	0	679	0
ASV_367	0	0	0	49	0	0
ASV_369	293	0	326	0	0	128
ASV_37	63	0	64	74	1727	221
ASV_370	65	0	9	0	0	4
ASV_3703	0	0	0	0	0	2
ASV_371	35	0	14	0	0	46
ASV_3715	2	0	3	0	0	0
ASV_3718	1037	0	664	0	0	2712
ASV_372	23	0	0	0	0	25
ASV_374	0	0	0	43	169	0
ASV_3763	0	0	0	61	0	0
ASV_3785	0	6920	0	0	0	0
ASV_3799	23	0	13	0	0	0
ASV_382	71	0	17	0	0	530
ASV_3842	0	0	0	0	263	0
ASV_385	0	0	0	0	0	56
ASV_389	91	0	0	0	0	31
ASV_3892	3	0	0	0	0	0
ASV_39	23	0	16	9	0	15
ASV_390	3	0	0	0	17	3
ASV_3918	153	0	40	0	0	38
ASV_3930	0	0	0	0	0	44
ASV_3941	0	0	0	0	0	62
ASV_3960	378	0	0	0	0	89
ASV_398	79	0	198	0	0	2849
ASV_3987	357	256	208	16	0	28
ASV_399	0	0	0	0	0	8
ASV_4	45799	21	19059	464	8301	27167
ASV_40	16	0	182	0	0	34
ASV_400	102	0	24	0	0	39
ASV_4018	122	0	45	0	356	208
ASV_4022	2	0	0	0	0	0
ASV_4029	0	0	0	0	13	0
ASV_4032	225	0	89	5	36	313
ASV_404	22	0	4	0	0	0
ASV_405	0	0	0	3	0	0
ASV_4056	0	0	0	8	0	0
ASV_409	426	0	126	0	0	94
ASV_41	0	432	0	161	0	0
ASV_410	0	0	0	6	0	0
ASV_4134	0	0	0	0	242	0
ASV_4162	0	0	0	0	0	8
ASV_4181	0	0	0	4	463	0
ASV_42	214	0	23	0	19	312
ASV_425	22	0	0	0	0	23
ASV_43	106	0	13	0	0	66
ASV_433	6	0	0	0	0	6
ASV_4386	0	0	0	10	0	0
ASV_439	670	0	377	4	691	1945
ASV_441	4	0	0	0	0	19
ASV_4434	10	0	7	0	77	5
ASV_444	0	0	0	0	0	7
ASV_445	7	0	5	0	0	24
ASV_4458	46	755	48	0	0	12
ASV_4459	33	0	0	0	0	0
ASV_45	78	1391	49	5	0	4
ASV_4518	4	0	0	0	0	0
ASV_4578	0	947	0	0	0	0
ASV_46	313	1326	6	0	811	457
ASV_460	52	0	57	0	0	147
ASV_461	56	0	0	0	0	33
ASV_462	73	0	0	0	0	44
ASV_4620	2	0	5	0	5	18
ASV_466	0	0	11	0	0	79
ASV_467	0	0	0	5	0	0
ASV_47	0	0	0	0	367	0
ASV_471	1612	0	466	0	0	664
ASV_477	6	0	5	0	0	0
ASV_48	1706	0	892	0	0	912
ASV_481	222	0	20	0	0	340
ASV_486	69	0	0	0	0	70
ASV_488	0	0	0	43	0	0
ASV_49	38	0	11	0	0	35
ASV_4964	0	0	0	4	0	0
ASV_4994	0	0	7	0	0	0
ASV_50	39	0	42	8	434	623
ASV_5049	5	0	0	0	0	0
ASV_505	109	0	223	0	786	733
ASV_506	0	0	0	0	0	73
ASV_511	50	0	39	0	485	99
ASV_5149	0	19	0	0	0	0
ASV_518	32	0	175	0	0	108
ASV_519	50	0	53	4	0	348
ASV_520	0	0	0	0	0	26
ASV_529	0	0	0	0	29	0
ASV_5292	1	0	1	0	0	0
ASV_53	0	33823	3	6582	3804	0
ASV_534	12	0	77	0	41	36
ASV_5340	0	0	0	12	0	0
ASV_539	357	0	231	0	0	1081
ASV_54	541	0	121	0	0	1175
ASV_55	140	0	45	0	0	28
ASV_552	387	0	241	0	0	1186
ASV_5599	0	0	311	0	0	31
ASV_5600	0	0	50	0	0	2
ASV_5602	0	0	0	0	0	8
ASV_5605	0	0	10	0	0	0
ASV_5606	24	0	314	0	0	40
ASV_5608	0	0	148	0	0	0
ASV_564	33	0	9	0	0	24
ASV_566	88	0	37	0	0	104
ASV_567	354	0	0	0	0	272
ASV_568	120	0	25	0	0	442
ASV_569	0	0	0	7	0	0
ASV_57	11	0	0	0	0	12
ASV_571	6	0	0	0	0	0
ASV_5711	0	0	11	0	0	1
ASV_572	394	0	258	0	0	1068
ASV_5747	0	2728	0	0	0	0
ASV_578	1454	0	0	0	0	505
ASV_580	514	0	48	0	0	1266
ASV_585	244	0	51	5	0	94
ASV_5856	0	0	0	0	416	0
ASV_593	25	0	0	0	0	0
ASV_596	0	0	0	0	0	29
ASV_5986	0	0	8	8	0	1
ASV_60	99	0	0	0	0	175
ASV_6011	0	3412	0	4	155	0
ASV_604	196	0	108	0	0	646
ASV_6045	0	0	0	15	38	0
ASV_6054	0	0	0	6	0	0
ASV_609	8	0	0	0	0	7
ASV_6109	3	0	10	0	0	8
ASV_6137	0	0	0	2	190	0
ASV_6143	0	0	0	0	36	0
ASV_6182	0	0	0	0	120	0
ASV_6310	0	343	0	0	0	0
ASV_6345	0	413	0	0	0	0
ASV_64	44	0	8	0	0	48
ASV_647	22	0	23	0	0	35
ASV_648	25	0	0	0	0	82
ASV_65	86	0	29	3	0	0
ASV_6503	3	0	0	0	0	0
ASV_6507	4	0	1	0	0	0
ASV_652	32	0	13	0	0	10
ASV_654	23	0	0	0	0	18
ASV_655	65	0	35	0	0	51
ASV_656	0	0	0	33	0	0
ASV_658	176	0	97	0	0	677
ASV_659	0	0	0	10	0	0
ASV_663	166	0	21	0	0	101
ASV_67	64	0	0	0	0	28
ASV_6745	0	8	0	0	0	0
ASV_6796	0	0	0	5	0	0
ASV_684	0	0	0	0	0	95
ASV_6856	0	0	0	4	0	0
ASV_6863	0	2492	3	10	142	0
ASV_69	15	0	84	0	0	191
ASV_7	3393	21	3271	26	776	1255
ASV_70	225	0	70	0	0	286
ASV_706	59	0	0	0	0	44
ASV_71	267	0	212	22	443	54
ASV_712	12	0	3	0	0	22
ASV_714	0	0	0	7	0	0
ASV_7174	0	3650	0	0	0	0
ASV_719	5	0	0	0	590	26
ASV_721	48	0	0	0	0	68
ASV_7239	0	0	0	0	7	0
ASV_729	0	0	0	0	0	119
ASV_73	176	0	32	0	0	0
ASV_7301	2	0	0	0	1640	7
ASV_7357	0	0	0	0	239	0
ASV_736	0	0	0	70	0	0
ASV_7395	0	0	0	0	37	0
ASV_741	0	0	0	0	0	19
ASV_7436	0	0	0	0	32	0
ASV_750	100	0	26	0	0	100
ASV_756	36	0	14	0	0	70
ASV_76	269	0	157	29	980	469
ASV_7631	0	0	0	0	44	0
ASV_765	25	0	17	0	0	35
ASV_77	14	0	0	0	0	30
ASV_7704	4	0	0	0	0	5
ASV_772	0	0	0	0	0	4
ASV_7763	3111	0	287	0	542	958
ASV_7765	213	0	134	0	0	105
ASV_7766	9305	0	5457	200	805	7642
ASV_7767	501	0	321	0	0	1114
ASV_7779	270	0	135	5	0	585
ASV_779	493	0	152	0	0	181
ASV_7794	106	0	7	0	0	35
ASV_7798	5	0	6	0	5	16
ASV_7799	0	0	0	0	0	5
ASV_780	0	0	0	0	552	0
ASV_7813	60	0	14	0	0	0
ASV_782	0	0	0	0	487	0
ASV_7834	0	14	0	0	0	0
ASV_7835	0	0	1	0	0	2
ASV_7839	0	0	0	0	0	1
ASV_7854	0	0	2	0	0	0
ASV_7867	0	0	99	0	0	0
ASV_7870	212	3032	35	0	1941	0
ASV_7875	0	0	0	0	415	27
ASV_79	116	0	34	0	761	77
ASV_7916	0	0	2	0	0	0
ASV_7918	17	0	0	0	0	21
ASV_80	93	0	187	0	0	1029
ASV_804	69	0	15	0	0	87
ASV_8094	0	12	0	0	0	0
ASV_8118	0	0	3	0	0	15
ASV_812	20	0	0	0	0	0
ASV_816	290	0	69	0	0	323
ASV_8229	0	0	1	0	0	4
ASV_8254	11	0	0	0	0	0
ASV_8260	0	0	0	0	0	6
ASV_829	97	698	68	0	0	180
ASV_830	0	0	0	0	0	10
ASV_835	130	0	106	0	0	255
ASV_837	6	0	0	0	0	9
ASV_8391	0	0	1	0	0	0
ASV_8425	4	0	0	0	0	0
ASV_8466	0	0	0	0	0	21
ASV_8520	2	0	3	0	0	0
ASV_8521	0	0	0	0	0	7
ASV_86	1856	4	71	9	23	85
ASV_8638	1	0	0	0	0	0
ASV_864	0	400	0	9	0	0
ASV_8652	0	0	0	0	0	3
ASV_866	37	0	0	0	0	45
ASV_87	115	0	190	29	0	595
ASV_8764	0	0	5	0	0	0
ASV_8789	0	0	0	5	0	0
ASV_879	0	0	0	0	0	119
ASV_884	11	0	0	0	0	9
ASV_8887	20	0	0	0	0	0
ASV_89	6	0	4	0	0	7
ASV_892	10	0	0	0	0	0
ASV_90	93	0	0	0	0	180
ASV_901	20	0	0	0	502	10
ASV_9027	0	0	0	0	0	1
ASV_907	0	0	0	7	0	0
ASV_9091	4	0	0	0	0	0
ASV_913	367	0	0	0	0	149
ASV_9155	10	0	0	0	0	11
ASV_921	387	0	0	0	0	152
ASV_9268	0	3	0	0	0	0
ASV_93	25	0	0	0	0	0
ASV_933	25	0	0	0	0	53
ASV_9383	2	0	0	0	0	0
ASV_95	0	0	19	0	0	23
ASV_9599	0	0	0	0	3	0
ASV_9667	0	952	0	0	1615	4
ASV_9668	0	1048	0	34	95	0
ASV_9669	0	0	0	5	0	0
ASV_9671	0	5508	0	0	0	0
ASV_9672	0	2099	0	0	0	0
ASV_9673	0	0	0	8	0	0
ASV_9674	0	0	0	0	1503	0
ASV_9676	0	4	0	0	0	0
ASV_9677	0	453	0	0	0	0
ASV_9682	0	3042	0	0	0	0
ASV_9686	0	2795	0	0	0	0
ASV_9687	0	2892	0	0	0	0
ASV_9688	0	0	0	0	1420	0
ASV_9695	0	2038	0	0	0	0
ASV_9699	0	746	0	0	0	0
ASV_97	0	0	12	7	0	0
ASV_9700	0	1792	0	0	0	0
ASV_9701	0	1863	0	0	0	0
ASV_9705	0	0	0	0	479	0
ASV_9706	0	1260	0	0	0	0
ASV_9709	0	0	0	0	1478	0
ASV_9713	0	1509	0	0	0	0
ASV_9722	0	0	0	0	72	0
ASV_9736	0	0	0	2	0	0
ASV_9750	0	246	0	0	0	0
ASV_9751	0	0	0	0	0	26
ASV_9753	0	959	0	0	0	0
ASV_9755	0	0	0	0	550	0
ASV_9766	0	78	0	0	520	0
ASV_9769	0	0	0	0	822	0
ASV_9775	0	811	0	0	0	0
ASV_9799	0	0	0	3	0	0
ASV_98	27	0	5	0	0	11
ASV_9802	0	0	0	0	687	0
ASV_9804	0	0	0	0	735	0
ASV_9811	0	0	0	0	0	47
ASV_9831	0	369	0	0	0	0
ASV_9832	0	0	0	0	592	0
ASV_9838	0	613	0	0	0	0
ASV_985	35	0	1	0	0	8
ASV_9878	0	485	0	0	0	0
ASV_9881	0	0	0	0	482	0
ASV_9891	0	0	0	0	460	0
ASV_99	0	0	0	5	0	0
ASV_9901	0	215	0	0	0	0
ASV_9916	20	0	0	0	0	7
ASV_9932	0	0	0	0	432	0
ASV_9933	0	0	0	0	419	0
ASV_9941	0	49	0	0	0	0
ASV_9945	0	341	0	0	0	0
ASV_9947	0	0	0	0	86	0
ASV_9960	0	357	0	0	0	0
ASV_9965	0	0	0	0	261	0
ASV_9977	0	0	0	0	283	0
ASV_9982	0	0	0	0	330	0
ASV_9989	0	322	0	0	0	0
ASV_9993	0	0	0	2	0	0
